10230382_350_0x0100_spectro::lyser_RIVER000V120	results of s::canpoint: LAB2                                
Date/Time	Status	Turbid. [FTUeq]200.00-0.00_2	[Turbid._0.0_1.0_0.0_0.0]	NO3-Neq [mg/l]10.00-0.00_2	[NO3-Neq_0.0_1.0_0.0_0.0]	TOCeq [mg/l]25.00-0.00_2	[TOCeq_0.0_1.0_0.0_0.0]	DOCeq [mg/l]12.00-0.00_2	[DOCeq_0.0_1.0_0.0_0.0]	SAC254 [Abs/m]NaN-NaN_2	[SAC254_0.0_1.0_0.0_0.0]	SAC436 [Abs/m]NaN-NaN_2	[SAC436_0.0_1.0_0.0_0.0]	254-436 [Abs/m]NaN-NaN_2	[254-436_0.0_1.0_0.0_0.0]	analogIN []NaN-NaN_2	[analogIN_0.0_1.0_0.0_0.0]
2019.10.29  22:38:10	Ok	0	1	0.607	0	14.281	0	11.575	0	28.232	0	0.470	0	NaN	-15	NaN	NaN
2019.10.29  22:39:16	Ok	0	1	0.526	0	12.899	0	10.487	0	25.577	0	0.409	0	NaN	-15	NaN	NaN
2019.10.29  22:40:26	Ok	0.723	0	1.009	0	17.429	0	14.170	3	34.560	0	0.544	0	NaN	-15	NaN	NaN
2019.10.29  22:41:34	Ok	0.396	0	0.847	0	17.780	0	14.338	3	34.972	0	0.574	0	NaN	-15	NaN	NaN
2019.10.29  22:42:38	Ok	0	1	0.500	0	13.428	0	10.945	0	26.694	0	0.440	0	NaN	-15	NaN	NaN
2019.10.29  22:43:49	Ok	0	1	0.683	0	18.114	0	14.536	3	35.454	0	0.552	0	NaN	-15	NaN	NaN
2019.10.29  22:45:00	Ok	1.803	0	NaN	-10	NaN	-10	NaN	-10	NaN	-10	0.849	0	NaN	-15	NaN	NaN
2019.10.29  22:45:48	Ok	1.365	0	NaN	-10	NaN	-10	NaN	-10	NaN	-10	0.863	0	NaN	-15	NaN	NaN
2019.10.29  22:47:07	Ok	1.517	0	NaN	-10	NaN	-10	NaN	-10	NaN	-10	0.839	0	NaN	-15	NaN	NaN
2019.10.29  22:49:01	Ok	0	1	0.824	0	17.530	0	14.115	3	34.426	0	0.548	0	NaN	-15	NaN	NaN
2019.10.29  22:50:07	Ok	0	1	0	1	5.411	0	4.677	0	11.408	0	0.214	0	NaN	-15	NaN	NaN
2019.10.29  22:51:04	Ok	0	1	0.435	0	10.522	0	8.810	0	21.487	0	0.351	0	NaN	-15	NaN	NaN
2019.10.29  22:52:00	Ok	0	1	0.753	0	15.197	0	12.594	3	30.717	0	0.467	0	NaN	-15	NaN	NaN
2019.10.29  22:52:57	Ok	0	1	0	1	5.199	0	4.511	0	11.003	0	0.223	0	NaN	-15	NaN	NaN
2019.10.29  22:53:56	Ok	0	1	0.165	0	8.684	0	7.426	0	18.112	0	0.318	0	NaN	-15	NaN	NaN
2019.10.29  22:54:53	Ok	0	1	0.157	0	6.596	0	5.559	0	13.559	0	0.224	0	NaN	-15	NaN	NaN
2019.10.29  22:55:50	Ok	0	1	0.597	0	11.078	0	9.383	0	22.886	0	0.360	0	NaN	-15	NaN	NaN
2019.10.29  22:56:46	Ok	0	1	0.486	0	12.030	0	10.198	0	24.873	0	0.375	0	NaN	-15	NaN	NaN
2019.10.29  22:57:43	Ok	0	1	0.146	0	8.004	0	6.748	0	16.457	0	0.269	0	NaN	-15	NaN	NaN
2019.10.29  22:58:59	Ok	0	1	0.109	0	7.577	0	6.219	0	15.169	0	0.291	0	NaN	-15	NaN	NaN
2019.10.29  22:59:53	Ok	0	1	0.181	0	8.652	0	7.060	0	17.219	0	0.339	0	NaN	-15	NaN	NaN
2019.10.29  23:00:55	Ok	0	1	0.567	0	13.351	0	11.040	0	26.926	0	0.457	0	NaN	-15	NaN	NaN
2019.10.29  23:01:52	Ok	0	1	0.607	0	13.618	0	11.272	0	27.492	0	0.465	0	NaN	-15	NaN	NaN
2019.10.29  23:02:57	Ok	3.023	0	0.749	0	14.997	0	11.919	0	29.072	0	0.459	0	NaN	-15	NaN	NaN
2019.10.29  23:04:10	Ok	0	1	0.371	0	10.766	0	8.783	0	21.421	0	0.365	0	NaN	-15	NaN	NaN
2019.10.29  23:05:09	Ok	0	1	0.168	0	8.627	0	7.283	0	17.762	0	0.332	0	NaN	-15	NaN	NaN
2019.10.29  23:06:58	Ok	0	1	1.272	0	5.635	0	5.395	0	13.158	0	0.105	0	NaN	-15	NaN	NaN
2019.10.29  23:08:00	Ok	0	1	0.315	0	10.462	0	8.884	0	21.669	0	0.369	0	NaN	-15	NaN	NaN
2019.10.29  23:08:59	Ok	0	1	0.170	0	6.326	0	5.397	0	13.162	0	0.245	0	NaN	-15	NaN	NaN
2019.10.29  23:09:55	Ok	0	1	0.558	0	20.309	0	16.661	3	40.636	0	0.689	0	NaN	-15	NaN	NaN
2019.10.29  23:10:56	Ok	0	1	0.108	0	8.087	0	6.850	0	16.708	0	0.299	0	NaN	-15	NaN	NaN
2019.10.29  23:11:54	Ok	0	1	0.238	0	9.715	0	8.048	0	19.628	0	0.356	0	NaN	-15	NaN	NaN
2019.10.29  23:13:06	Ok	0.297	0	0.807	0	17.253	0	14.162	3	34.541	0	0.561	0	NaN	-15	NaN	NaN
2019.10.29  23:14:02	Ok	0.711	0	0.768	0	16.890	0	13.733	3	33.494	0	0.535	0	NaN	-15	NaN	NaN
2019.10.29  23:15:00	Ok	0.903	0	0.431	0	12.157	0	9.744	0	23.766	0	0.393	0	NaN	-15	NaN	NaN
2019.10.29  23:16:06	Ok	0	1	0.092	0	7.541	0	6.293	0	15.349	0	0.259	0	NaN	-15	NaN	NaN
2019.10.29  23:17:08	Ok	0	1	0.222	0	9.350	0	7.806	0	19.040	0	0.333	0	NaN	-15	NaN	NaN
2019.10.29  23:18:17	Ok	0	1	0.214	0	9.282	0	7.873	0	19.203	0	0.358	0	NaN	-15	NaN	NaN
2019.10.29  23:19:12	Ok	0	1	0.206	0	9.302	0	7.838	0	19.117	0	0.337	0	NaN	-15	NaN	NaN
2019.10.29  23:20:05	Ok	0	1	0.202	0	9.403	0	7.877	0	19.213	0	0.343	0	NaN	-15	NaN	NaN
2019.10.29  23:21:00	Ok	0	1	0.201	0	9.350	0	7.840	0	19.123	0	0.347	0	NaN	-15	NaN	NaN
2019.10.29  23:22:03	Ok	0	1	0.115	0	7.015	0	5.982	0	14.590	0	0.266	0	NaN	-15	NaN	NaN
2019.10.29  23:23:09	Ok	0	1	0.110	0	6.894	0	5.922	0	14.444	0	0.267	0	NaN	-15	NaN	NaN
2019.10.29  23:24:06	Ok	0	1	0.114	0	6.986	0	5.981	0	14.588	0	0.264	0	NaN	-15	NaN	NaN
2019.10.29  23:25:01	Ok	0	1	0.111	0	6.964	0	5.968	0	14.556	0	0.272	0	NaN	-15	NaN	NaN
2019.10.29  23:25:56	Ok	0	1	0.113	0	6.964	0	5.918	0	14.433	0	0.258	0	NaN	-15	NaN	NaN
