10230382_350_0x0100_spectro::lyser_RIVER000V120	results of s::canpoint: LAB2                                
Date/Time	Status	Turbid. [FTUeq]200.00-0.00_2	[Turbid._0.0_1.0_0.0_0.0]	NO3-Neq [mg/l]10.00-0.00_2	[NO3-Neq_0.0_1.0_0.0_0.0]	TOCeq [mg/l]25.00-0.00_2	[TOCeq_0.0_1.0_0.0_0.0]	DOCeq [mg/l]12.00-0.00_2	[DOCeq_0.0_1.0_0.0_0.0]	SAC254 [Abs/m]NaN-NaN_2	[SAC254_0.0_1.0_0.0_0.0]	SAC436 [Abs/m]NaN-NaN_2	[SAC436_0.0_1.0_0.0_0.0]	254-436 [Abs/m]NaN-NaN_2	[254-436_0.0_1.0_0.0_0.0]	analogIN []NaN-NaN_2	[analogIN_0.0_1.0_0.0_0.0]
2020.02.22  21:44:55	Ok	0	1	0.115	0	6.156	0	5.196	0	12.673	0	0.221	0	NaN	-15	NaN	NaN
2020.02.22  21:48:09	Ok	0	1	0	1	3.347	0	2.925	0	7.135	0	0.169	0	NaN	-15	NaN	NaN
2020.02.22  21:52:07	Ok	0	1	0.053	0	6.019	0	5.061	0	12.345	0	0.227	0	NaN	-15	NaN	NaN
2020.02.22  21:56:43	Ok	0	1	0	1	3.188	0	2.808	0	6.850	0	0.159	0	NaN	-15	NaN	NaN
2020.02.22  22:00:48	Ok	0	1	0.040	0	5.920	0	5.042	0	12.298	0	0.221	0	NaN	-15	NaN	NaN
2020.02.22  22:04:32	Ok	0	1	0.191	0	5.630	0	4.892	0	11.931	0	0.207	0	NaN	-15	NaN	NaN
2020.02.22  22:08:42	Ok	0	1	0	1	4.605	0	4.062	0	9.907	0	0.212	0	NaN	-15	NaN	NaN
2020.02.22  22:13:46	Ok	0	1	0	1	5.450	0	4.637	0	11.309	0	0.200	0	NaN	-15	NaN	NaN
2020.02.22  22:17:51	Ok	0	1	0	1	5.715	0	4.978	0	12.141	0	0.245	0	NaN	-15	NaN	NaN
2020.02.22  22:21:39	Ok	0	1	0.001	0	6.171	0	5.347	0	13.040	0	0.244	0	NaN	-15	NaN	NaN
2020.02.22  22:26:04	Ok	0	1	0.104	0	6.789	0	5.799	0	14.143	0	0.251	0	NaN	-15	NaN	NaN
2020.02.22  22:30:32	Ok	0	1	0.100	0	7.344	0	6.211	0	15.149	0	0.264	0	NaN	-15	NaN	NaN
2020.02.22  22:38:37	Ok	0	1	0.046	0	6.599	0	5.683	0	13.862	0	0.263	0	NaN	-15	NaN	NaN
2020.02.22  22:42:58	Ok	0	1	0.114	0	7.368	0	6.208	0	15.142	0	0.254	0	NaN	-15	NaN	NaN
2020.02.22  22:47:08	Ok	0	1	0.115	0	7.424	0	6.221	0	15.173	0	0.273	0	NaN	-15	NaN	NaN
2020.02.22  22:51:35	Ok	0	1	0	1	4.465	0	3.860	0	9.414	0	0.182	0	NaN	-15	NaN	NaN
2020.02.22  22:55:36	Ok	0	1	0	1	5.239	0	4.538	0	11.069	0	0.224	0	NaN	-15	NaN	NaN
2020.02.22  23:04:15	Ok	0	1	0	1	4.229	0	3.736	0	9.112	0	0.197	0	NaN	-15	NaN	NaN
2020.02.22  23:08:28	Ok	0	1	0.075	0	6.132	0	5.138	0	12.530	0	0.213	0	NaN	-15	NaN	NaN
2020.02.25  16:21:29	Ok	0.285	0	0.170	0	8.480	0	6.759	0	16.484	0	0.274	0	NaN	-15	NaN	NaN
2020.02.25  16:22:12	Ok	0	1	0.189	0	8.427	0	6.769	0	16.510	0	0.280	0	NaN	-15	NaN	NaN
2020.02.25  16:22:51	Ok	0	1	0.125	0	7.696	0	6.315	0	15.403	0	0.264	0	NaN	-15	NaN	NaN
2020.02.25  16:23:29	Ok	0	1	0.101	0	7.401	0	6.081	0	14.832	0	0.271	0	NaN	-15	NaN	NaN
2020.02.25  16:24:10	Ok	67.576	0	0	1	14.982	0	5.685	0	13.865	0	0.284	0	NaN	-15	NaN	NaN
2020.02.25  16:25:05	Ok	0	1	0.019	0	5.681	0	4.794	0	11.692	0	0.235	0	NaN	-15	NaN	NaN
2020.02.25  16:25:42	Ok	1.003	0	0.354	0	11.817	0	9.358	0	22.825	0	0.384	0	NaN	-15	NaN	NaN
2020.02.25  16:26:25	Ok	0.662	0	0.088	0	6.747	0	5.389	0	13.145	0	0.221	0	NaN	-15	NaN	NaN
2020.02.25  16:27:01	Ok	0	1	0.051	0	6.545	0	5.379	0	13.119	0	0.234	0	NaN	-15	NaN	NaN
2020.02.25  16:27:40	Ok	0	1	0.040	0	6.339	0	5.121	0	12.489	0	0.224	0	NaN	-15	NaN	NaN
2020.02.25  16:28:18	Ok	0	1	0.159	0	7.683	0	6.379	0	15.558	0	0.260	0	NaN	-15	NaN	NaN
2020.02.25  16:28:59	Ok	0	1	0.331	0	10.526	0	8.690	0	21.194	0	0.372	0	NaN	-15	NaN	NaN
2020.02.25  16:29:36	Ok	0	1	0	1	5.044	0	4.255	0	10.378	0	0.216	0	NaN	-15	NaN	NaN
2020.02.25  16:30:12	Ok	0	1	0	1	4.951	0	4.048	0	9.873	0	0.206	0	NaN	-15	NaN	NaN
2020.02.25  16:30:50	Ok	0	1	0.050	0	6.961	0	5.577	0	13.603	0	0.264	0	NaN	-15	NaN	NaN
2020.02.25  16:31:28	Ok	0	1	0.076	0	7.239	0	5.662	0	13.809	0	0.269	0	NaN	-15	NaN	NaN
2020.02.25  16:32:07	Ok	0	1	0.075	0	7.039	0	5.570	0	13.584	0	0.260	0	NaN	-15	NaN	NaN
2020.02.25  16:32:44	Ok	2.562	0	0.100	0	7.529	0	5.688	0	13.874	0	0.252	0	NaN	-15	NaN	NaN
2020.02.25  16:33:23	Ok	6.136	0	0.076	0	7.926	0	5.655	0	13.793	0	0.250	0	NaN	-15	NaN	NaN
2020.02.25  16:34:00	Ok	0	1	0.098	0	7.455	0	5.858	0	14.289	0	0.274	0	NaN	-15	NaN	NaN
2020.02.25  16:34:36	Ok	0	1	0	1	5.649	0	4.615	0	11.257	0	0.206	0	NaN	-15	NaN	NaN
2020.02.25  16:35:13	Ok	0	1	0	1	4.352	0	3.616	0	8.820	0	0.175	0	NaN	-15	NaN	NaN
2020.02.25  16:35:50	Ok	0	1	0.068	0	6.869	0	5.642	0	13.760	0	0.260	0	NaN	-15	NaN	NaN
2020.02.25  16:36:26	Ok	0.959	0	0.114	0	8.274	0	6.633	0	16.177	0	0.298	0	NaN	-15	NaN	NaN
2020.02.25  16:37:02	Ok	0	1	0.018	0	5.603	0	4.615	0	11.256	0	0.208	0	NaN	-15	NaN	NaN
2020.02.25  16:37:39	Ok	0.703	0	0	1	6.116	0	4.900	0	11.952	0	0.247	0	NaN	-15	NaN	NaN
2020.02.25  16:38:22	Ok	1.731	0	0.104	0	7.811	0	5.988	0	14.604	0	0.263	0	NaN	-15	NaN	NaN
2020.02.25  16:38:59	Ok	0.532	0	0.033	0	6.646	0	5.305	0	12.938	0	0.235	0	NaN	-15	NaN	NaN
2020.02.25  16:39:35	Ok	13.199	0	0	1	8.357	0	5.451	0	13.296	0	0.255	0	NaN	-15	NaN	NaN
2020.02.25  16:40:10	Ok	0	1	0	1	4.978	0	4.200	0	10.245	0	0.205	0	NaN	-15	NaN	NaN
2020.02.25  16:40:47	Ok	0	1	0	1	5.598	0	4.621	0	11.271	0	0.226	0	NaN	-15	NaN	NaN
2020.02.25  16:41:22	Ok	0	1	0	1	5.063	0	4.207	0	10.262	0	0.214	0	NaN	-15	NaN	NaN
2020.02.25  16:41:57	Ok	0	1	0	1	5.160	0	4.262	0	10.395	0	0.196	0	NaN	-15	NaN	NaN
2020.02.25  16:42:35	Ok	0	1	0	1	3.602	0	3.032	0	7.395	0	0.143	0	NaN	-15	NaN	NaN
2020.02.25  16:43:10	Ok	0	1	0.117	0	7.079	0	5.934	0	14.472	0	0.264	0	NaN	-15	NaN	NaN
2020.02.25  16:43:51	Ok	0	1	0.073	0	6.636	0	5.579	0	13.607	0	0.242	0	NaN	-15	NaN	NaN
2020.02.25  16:44:31	Ok	0	1	0	1	3.429	0	2.807	0	6.847	0	0.158	0	NaN	-15	NaN	NaN
2020.02.25  16:45:06	Ok	0	1	0	1	5.581	0	4.649	0	11.338	0	0.202	0	NaN	-15	NaN	NaN
2020.02.25  16:45:41	Ok	0	1	0	1	5.096	0	4.204	0	10.254	0	0.194	0	NaN	-15	NaN	NaN
