10230382_350_0x0100_spectro::lyser_RIVER000V120	results of s::canpoint: LAB2                                
Date/Time	Status	Turbid. [FTUeq]200.00-0.00_2	[Turbid._0.0_1.0_0.0_0.0]	NO3-Neq [mg/l]10.00-0.00_2	[NO3-Neq_0.0_1.0_0.0_0.0]	TOCeq [mg/l]25.00-0.00_2	[TOCeq_0.0_1.0_0.0_0.0]	DOCeq [mg/l]12.00-0.00_2	[DOCeq_0.0_1.0_0.0_0.0]	SAC254 [Abs/m]NaN-NaN_2	[SAC254_0.0_1.0_0.0_0.0]	SAC436 [Abs/m]NaN-NaN_2	[SAC436_0.0_1.0_0.0_0.0]	254-436 [Abs/m]NaN-NaN_2	[254-436_0.0_1.0_0.0_0.0]	analogIN []NaN-NaN_2	[analogIN_0.0_1.0_0.0_0.0]
2019.07.29  15:53:16	Ok	0	1	0	1	4.298	0	3.494	0	8.522	0	0.191	0	NaN	-15	NaN	NaN
2019.07.29  15:53:36	Ok	0	1	0	1	4.280	0	3.534	0	8.619	0	0.202	0	NaN	-15	NaN	NaN
2019.07.29  15:54:14	Ok	0	1	0	1	4.339	0	3.492	0	8.516	0	0.184	0	NaN	-15	NaN	NaN
2019.07.29  15:55:11	Ok	0	1	0	1	2.449	0	2.094	0	5.107	0	0.127	0	NaN	-15	NaN	NaN
2019.07.29  15:55:32	Ok	0	1	0	1	2.384	0	2.126	0	5.185	0	0.139	0	NaN	-15	NaN	NaN
2019.07.29  15:55:51	Ok	0	1	0	1	2.382	0	2.158	0	5.263	0	0.156	0	NaN	-15	NaN	NaN
2019.07.29  15:56:39	Ok	0	1	0.021	0	6.502	0	5.415	0	13.207	0	0.235	0	NaN	-15	NaN	NaN
2019.07.29  15:56:59	Ok	0	1	0.027	0	6.469	0	5.441	0	13.271	0	0.242	0	NaN	-15	NaN	NaN
2019.07.29  15:57:20	Ok	0	1	0.012	0	6.457	0	5.457	0	13.311	0	0.243	0	NaN	-15	NaN	NaN
2019.07.29  15:58:11	Ok	0	1	0	1	2.674	0	2.316	0	5.649	0	0.132	0	NaN	-15	NaN	NaN
2019.07.29  15:58:31	Ok	0	1	0	1	2.705	0	2.309	0	5.631	0	0.127	0	NaN	-15	NaN	NaN
2019.07.29  15:58:50	Ok	0	1	0	1	2.659	0	2.359	0	5.754	0	0.155	0	NaN	-15	NaN	NaN
2019.07.29  15:59:54	Ok	0	1	0.389	0	11.062	0	8.548	0	20.849	0	0.425	0	NaN	-15	NaN	NaN
2019.07.29  16:00:15	Ok	0	1	0.383	0	11.027	0	8.514	0	20.766	0	0.415	0	NaN	-15	NaN	NaN
2019.07.29  16:00:34	Ok	0	1	0.328	0	11.018	0	8.561	0	20.881	0	0.435	0	NaN	-15	NaN	NaN
2019.07.29  16:01:24	Ok	0	1	0	1	3.356	0	2.869	0	6.999	0	0.172	0	NaN	-15	NaN	NaN
2019.07.29  16:01:47	Ok	0	1	0	1	3.348	0	2.878	0	7.020	0	0.177	0	NaN	-15	NaN	NaN
2019.07.29  16:02:06	Ok	0	1	0	1	3.322	0	2.909	0	7.094	0	0.188	0	NaN	-15	NaN	NaN
2019.07.29  16:02:55	Ok	0	1	0	1	2.159	0	1.924	0	4.692	0	0.140	0	NaN	-15	NaN	NaN
2019.07.29  16:03:14	Ok	0	1	0	1	2.126	0	1.923	0	4.690	0	0.142	0	NaN	-15	NaN	NaN
2019.07.29  16:03:34	Ok	0	1	0	1	2.148	0	1.924	0	4.694	0	0.142	0	NaN	-15	NaN	NaN
2019.07.29  16:04:17	Ok	0	1	0	1	4.415	0	3.834	0	9.350	0	0.196	0	NaN	-15	NaN	NaN
2019.07.29  16:04:37	Ok	0	1	0	1	4.428	0	3.795	0	9.257	0	0.184	0	NaN	-15	NaN	NaN
2019.07.29  16:04:57	Ok	0	1	0	1	4.402	0	3.815	0	9.304	0	0.190	0	NaN	-15	NaN	NaN
2019.07.29  16:05:43	Ok	0	1	0	1	3.722	0	3.364	0	8.204	0	0.161	0	NaN	-15	NaN	NaN
2019.07.29  16:06:06	Ok	0	1	0	1	3.724	0	3.324	0	8.106	0	0.149	0	NaN	-15	NaN	NaN
2019.07.29  16:06:26	Ok	0	1	0	1	3.693	0	3.358	0	8.189	0	0.157	0	NaN	-15	NaN	NaN
2019.07.29  16:07:19	Ok	0	1	0.057	0	7.067	0	5.947	0	14.505	0	0.274	0	NaN	-15	NaN	NaN
2019.07.29  16:07:39	Ok	0	1	0.071	0	7.081	0	5.945	0	14.501	0	0.269	0	NaN	-15	NaN	NaN
2019.07.29  16:07:58	Ok	0	1	0.061	0	7.110	0	5.898	0	14.386	0	0.258	0	NaN	-15	NaN	NaN
2019.07.29  16:08:18	Ok	0	1	0.058	0	7.055	0	5.970	0	14.562	0	0.284	0	NaN	-15	NaN	NaN
2019.07.29  16:09:03	Ok	0	1	0.046	0	6.599	0	5.746	0	14.015	0	0.252	0	NaN	-15	NaN	NaN
2019.07.29  16:09:22	Ok	0	1	0.050	0	6.641	0	5.715	0	13.939	0	0.239	0	NaN	-15	NaN	NaN
2019.07.29  16:10:40	Ok	0	1	0.410	0	13.325	0	10.072	0	24.565	0	0.531	0	NaN	-15	NaN	NaN
2019.07.29  16:11:00	Ok	0	1	0.473	0	13.341	0	10.022	0	24.443	0	0.516	0	NaN	-15	NaN	NaN
2019.07.29  16:11:20	Ok	0	1	0.453	0	13.348	0	10.026	0	24.453	0	0.521	0	NaN	-15	NaN	NaN
2019.07.29  16:12:14	Ok	2.557	0	0.323	0	13.562	0	9.732	0	23.736	0	0.512	0	NaN	-15	NaN	NaN
2019.07.29  16:12:36	Ok	1.569	0	0.386	0	13.475	0	9.778	0	23.849	0	0.524	0	NaN	-15	NaN	NaN
2019.07.29  16:12:55	Ok	1.703	0	0.402	0	13.462	0	9.709	0	23.679	0	0.496	0	NaN	-15	NaN	NaN
