10230382_350_0x0100_spectro::lyser_RIVER000V120	results of s::canpoint: LAB2                                
Date/Time	Status	Turbid. [FTUeq]200.00-0.00_2	[Turbid._0.0_1.0_0.0_0.0]	NO3-Neq [mg/l]10.00-0.00_2	[NO3-Neq_0.0_1.0_0.0_0.0]	TOCeq [mg/l]25.00-0.00_2	[TOCeq_0.0_1.0_0.0_0.0]	DOCeq [mg/l]12.00-0.00_2	[DOCeq_0.0_1.0_0.0_0.0]	SAC254 [Abs/m]NaN-NaN_2	[SAC254_0.0_1.0_0.0_0.0]	SAC436 [Abs/m]NaN-NaN_2	[SAC436_0.0_1.0_0.0_0.0]	254-436 [Abs/m]NaN-NaN_2	[254-436_0.0_1.0_0.0_0.0]	analogIN []NaN-NaN_2	[analogIN_0.0_1.0_0.0_0.0]
2019.09.23  12:13:40	Ok	0	1	0.375	0	3.953	0	3.517	0	8.578	0	0.164	0	NaN	-15	NaN	NaN
2019.09.23  12:14:15	Ok	0	1	0.402	0	4.065	0	3.595	0	8.770	0	0.169	0	NaN	-15	NaN	NaN
2019.09.23  12:14:49	Ok	0	1	0.403	0	4.070	0	3.629	0	8.851	0	0.181	0	NaN	-15	NaN	NaN
2019.09.23  12:15:24	Ok	0	1	0.128	0	6.262	0	5.464	0	13.328	0	0.250	0	NaN	-15	NaN	NaN
2019.09.23  12:15:57	Ok	0	1	0.108	0	6.401	0	5.599	0	13.656	0	0.251	0	NaN	-15	NaN	NaN
2019.09.23  12:16:33	Ok	0	1	0.115	0	6.412	0	5.564	0	13.571	0	0.232	0	NaN	-15	NaN	NaN
2019.09.23  12:17:09	Ok	0	1	0.726	0	15.245	0	12.141	3	29.612	0	0.480	0	NaN	-15	NaN	NaN
2019.09.23  12:17:43	Ok	0	1	0.787	0	15.795	0	12.585	3	30.694	0	0.505	0	NaN	-15	NaN	NaN
2019.09.23  12:18:14	Ok	0	1	0.762	0	15.884	0	12.604	3	30.741	0	0.509	0	NaN	-15	NaN	NaN
2019.09.23  12:18:52	Ok	6.947	0	0.382	0	14.890	0	9.725	0	23.718	0	0.498	0	NaN	-15	NaN	NaN
2019.09.23  12:19:25	Ok	7.574	0	0.401	0	14.911	0	9.628	0	23.484	0	0.524	0	NaN	-15	NaN	NaN
2019.09.23  12:20:04	Ok	7.801	0	0.427	0	14.894	0	9.545	0	23.281	0	0.519	0	NaN	-15	NaN	NaN
2019.09.23  12:20:58	Ok	0	1	0.389	0	9.425	0	8.038	0	19.605	0	0.323	0	NaN	-15	NaN	NaN
2019.09.23  12:21:32	Ok	0	1	0.439	0	9.848	0	8.422	0	20.540	0	0.334	0	NaN	-15	NaN	NaN
2019.09.23  12:22:04	Ok	0	1	0.434	0	9.930	0	8.417	0	20.529	0	0.315	0	NaN	-15	NaN	NaN
2019.09.23  12:22:41	Ok	0	1	0.576	0	10.301	0	8.474	0	20.667	0	0.358	0	NaN	-15	NaN	NaN
2019.09.23  12:23:13	Ok	0.372	0	0.590	0	10.387	0	8.416	0	20.526	0	0.338	0	NaN	-15	NaN	NaN
2019.09.23  12:23:45	Ok	0.062	0	0.571	0	10.354	0	8.440	0	20.585	0	0.351	0	NaN	-15	NaN	NaN
2019.09.23  12:25:09	Ok	0	1	0.463	0	7.452	0	6.373	0	15.544	0	0.283	0	NaN	-15	NaN	NaN
2019.09.23  12:25:46	Ok	0	1	0.431	0	7.244	0	6.256	0	15.258	0	0.281	0	NaN	-15	NaN	NaN
2019.09.23  12:26:19	Ok	0	1	0.430	0	7.236	0	6.254	0	15.254	0	0.285	0	NaN	-15	NaN	NaN
