10230382_350_0x0100_spectro::lyser_RIVER000V120	results of s::canpoint: LAB2                                
Date/Time	Status	Turbid. [FTUeq]200.00-0.00_2	[Turbid._0.0_1.0_0.0_0.0]	NO3-Neq [mg/l]10.00-0.00_2	[NO3-Neq_0.0_1.0_0.0_0.0]	TOCeq [mg/l]25.00-0.00_2	[TOCeq_0.0_1.0_0.0_0.0]	DOCeq [mg/l]12.00-0.00_2	[DOCeq_0.0_1.0_0.0_0.0]	SAC254 [Abs/m]NaN-NaN_2	[SAC254_0.0_1.0_0.0_0.0]	SAC436 [Abs/m]NaN-NaN_2	[SAC436_0.0_1.0_0.0_0.0]	254-436 [Abs/m]NaN-NaN_2	[254-436_0.0_1.0_0.0_0.0]	analogIN []NaN-NaN_2	[analogIN_0.0_1.0_0.0_0.0]
2019.07.22  19:14:20	Ok	0	1	0	1	2.428	0	2.090	0	5.099	0	0.161	0	NaN	-15	NaN	NaN
2019.07.22  19:14:40	Ok	0	1	0	1	2.473	0	2.049	0	4.998	0	0.143	0	NaN	-15	NaN	NaN
2019.07.22  19:15:01	Ok	0	1	0	1	2.491	0	2.042	0	4.981	0	0.136	0	NaN	-15	NaN	NaN
2019.07.22  19:15:47	Ok	0	1	0	1	2.435	0	2.053	0	5.008	0	0.150	0	NaN	-15	NaN	NaN
2019.07.22  19:16:11	Ok	0	1	0	1	2.381	0	2.071	0	5.052	0	0.146	0	NaN	-15	NaN	NaN
2019.07.22  19:16:34	Ok	0	1	0	1	2.441	0	2.061	0	5.027	0	0.154	0	NaN	-15	NaN	NaN
2019.07.22  19:17:42	Ok	0	1	0	1	2.268	0	1.997	0	4.872	0	0.147	0	NaN	-15	NaN	NaN
2019.07.22  19:18:07	Ok	0	1	0	1	2.218	0	1.980	0	4.829	0	0.142	0	NaN	-15	NaN	NaN
2019.07.22  19:18:28	Ok	0	1	0	1	2.260	0	2.013	0	4.911	0	0.152	0	NaN	-15	NaN	NaN
2019.07.22  19:19:47	Ok	0	1	0	1	3.201	0	2.546	0	6.209	0	0.160	0	NaN	-15	NaN	NaN
2019.07.22  19:20:18	Ok	0	1	0	1	3.180	0	2.574	0	6.277	0	0.177	0	NaN	-15	NaN	NaN
2019.07.22  19:20:47	Ok	0	1	0	1	3.180	0	2.557	0	6.236	0	0.169	0	NaN	-15	NaN	NaN
2019.07.22  19:21:44	Ok	0	1	0	1	3.348	0	2.731	0	6.662	0	0.176	0	NaN	-15	NaN	NaN
2019.07.22  19:22:05	Ok	0	1	0	1	3.346	0	2.750	0	6.707	0	0.180	0	NaN	-15	NaN	NaN
2019.07.22  19:22:25	Ok	0	1	0	1	3.376	0	2.693	0	6.569	0	0.157	0	NaN	-15	NaN	NaN
2019.07.22  19:23:14	Ok	0	1	0.055	0	5.423	0	4.515	0	11.013	0	0.221	0	NaN	-15	NaN	NaN
2019.07.22  19:23:33	Ok	0	1	0.062	0	5.401	0	4.498	0	10.971	0	0.218	0	NaN	-15	NaN	NaN
2019.07.22  19:24:00	Ok	0	1	0.062	0	5.414	0	4.510	0	10.999	0	0.225	0	NaN	-15	NaN	NaN
2019.07.22  19:24:52	Ok	0	1	0	1	3.949	0	3.254	0	7.938	0	0.168	0	NaN	-15	NaN	NaN
2019.07.22  19:25:12	Ok	0	1	0	1	3.895	0	3.305	0	8.061	0	0.186	0	NaN	-15	NaN	NaN
2019.07.22  19:25:38	Ok	0	1	0	1	3.915	0	3.284	0	8.010	0	0.184	0	NaN	-15	NaN	NaN
2019.07.22  19:26:41	Ok	0	1	0.070	0	7.086	0	5.876	0	14.331	0	0.257	0	NaN	-15	NaN	NaN
2019.07.22  19:27:07	Ok	0	1	0.046	0	6.981	0	5.921	0	14.441	0	0.267	0	NaN	-15	NaN	NaN
2019.07.22  19:27:42	Ok	0	1	0.066	0	6.987	0	5.896	0	14.381	0	0.258	0	NaN	-15	NaN	NaN
2019.07.22  19:28:51	Ok	0	1	0	1	2.772	0	2.398	0	5.848	0	0.174	0	NaN	-15	NaN	NaN
2019.07.22  19:29:20	Ok	0	1	0	1	2.747	0	2.357	0	5.749	0	0.148	0	NaN	-15	NaN	NaN
2019.07.22  19:29:55	Ok	0	1	0	1	2.772	0	2.376	0	5.795	0	0.165	0	NaN	-15	NaN	NaN
