10230382_350_0x0100_spectro::lyser_RIVER000V120	results of s::canpoint: LAB2                                
Date/Time	Status	Turbid. [FTUeq]200.00-0.00_2	[Turbid._0.0_1.0_0.0_0.0]	NO3-Neq [mg/l]10.00-0.00_2	[NO3-Neq_0.0_1.0_0.0_0.0]	TOCeq [mg/l]25.00-0.00_2	[TOCeq_0.0_1.0_0.0_0.0]	DOCeq [mg/l]12.00-0.00_2	[DOCeq_0.0_1.0_0.0_0.0]	SAC254 [Abs/m]NaN-NaN_2	[SAC254_0.0_1.0_0.0_0.0]	SAC436 [Abs/m]NaN-NaN_2	[SAC436_0.0_1.0_0.0_0.0]	254-436 [Abs/m]NaN-NaN_2	[254-436_0.0_1.0_0.0_0.0]	analogIN []NaN-NaN_2	[analogIN_0.0_1.0_0.0_0.0]
2019.11.16  20:06:39	Ok	0	1	0.147	0	6.910	0	5.810	0	14.171	0	0.275	0	NaN	-15	NaN	NaN
2019.11.16  20:07:56	Ok	0	1	0.123	0	5.951	0	5.138	0	12.531	0	0.204	0	NaN	-15	NaN	NaN
2019.11.16  20:09:44	Ok	0	1	0.205	0	7.816	0	6.535	0	15.940	0	0.309	0	NaN	-15	NaN	NaN
2019.11.16  20:11:27	Ok	0	1	0	1	3.842	0	3.356	0	8.185	0	0.154	0	NaN	-15	NaN	NaN
2019.11.16  20:12:21	Ok	0	1	0.751	0	18.829	0	15.200	3	37.073	0	0.601	0	NaN	-15	NaN	NaN
2019.11.16  20:13:33	Ok	0	1	0	1	4.530	0	3.913	0	9.543	0	0.201	0	NaN	-15	NaN	NaN
2019.11.16  20:14:37	Ok	0	1	0.405	0	11.889	0	9.828	0	23.972	0	0.403	0	NaN	-15	NaN	NaN
2019.11.16  20:16:32	Ok	0	1	0.391	0	11.856	0	9.841	0	24.003	0	0.414	0	NaN	-15	NaN	NaN
2019.11.16  20:18:16	Ok	0	1	0.021	0	4.917	0	4.156	0	10.136	0	0.210	0	NaN	-15	NaN	NaN
2019.11.16  20:19:17	Ok	0	1	0	1	4.607	0	4.039	0	9.851	0	0.198	0	NaN	-15	NaN	NaN
2019.11.16  20:20:05	Ok	0	1	0	1	4.653	0	4.084	0	9.960	0	0.202	0	NaN	-15	NaN	NaN
2019.11.16  20:20:49	Ok	0	1	0	1	4.553	0	4.070	0	9.926	0	0.208	0	NaN	-15	NaN	NaN
2019.11.16  20:21:37	Ok	0	1	0.028	0	5.900	0	5.012	0	12.225	0	0.269	0	NaN	-15	NaN	NaN
2019.11.16  20:22:27	Ok	0	1	0.058	0	6.023	0	4.969	0	12.119	0	0.251	0	NaN	-15	NaN	NaN
2019.11.16  20:23:19	Ok	0	1	0.223	0	9.216	0	7.706	0	18.795	0	0.303	0	NaN	-15	NaN	NaN
2019.11.16  20:24:23	Ok	0	1	0.212	0	9.210	0	7.761	0	18.928	0	0.331	0	NaN	-15	NaN	NaN
2019.11.16  20:25:15	Ok	0	1	0.218	0	9.319	0	7.877	0	19.211	0	0.343	0	NaN	-15	NaN	NaN
2019.11.16  20:26:08	Ok	0	1	0.215	0	9.205	0	7.817	0	19.066	0	0.348	0	NaN	-15	NaN	NaN
2019.11.16  20:26:59	Ok	0	1	0.218	0	9.225	0	7.736	0	18.869	0	0.332	0	NaN	-15	NaN	NaN
2019.11.16  20:27:53	Ok	0	1	0.046	0	5.970	0	5.024	0	12.254	0	0.265	0	NaN	-15	NaN	NaN
2019.11.16  20:28:43	Ok	0	1	0.023	0	5.983	0	5.017	0	12.238	0	0.265	0	NaN	-15	NaN	NaN
2019.11.16  20:29:42	Ok	0	1	0.029	0	5.917	0	4.990	0	12.171	0	0.255	0	NaN	-15	NaN	NaN
2019.11.16  20:30:29	Ok	0	1	0.049	0	5.884	0	4.956	0	12.087	0	0.259	0	NaN	-15	NaN	NaN
2019.11.16  20:31:21	Ok	0	1	0.033	0	6.008	0	5.027	0	12.262	0	0.253	0	NaN	-15	NaN	NaN
2019.11.16  20:32:15	Ok	0	1	0.088	0	6.601	0	5.511	0	13.443	0	0.272	0	NaN	-15	NaN	NaN
2019.11.16  20:33:05	Ok	0	1	0.069	0	6.536	0	5.528	0	13.484	0	0.276	0	NaN	-15	NaN	NaN
2019.11.16  20:33:59	Ok	0	1	0.077	0	6.578	0	5.531	0	13.491	0	0.269	0	NaN	-15	NaN	NaN
2019.11.16  20:34:57	Ok	0	1	0.086	0	6.560	0	5.505	0	13.427	0	0.262	0	NaN	-15	NaN	NaN
2019.11.16  20:35:51	Ok	0	1	0.092	0	6.551	0	5.511	0	13.441	0	0.263	0	NaN	-15	NaN	NaN
2019.11.16  20:36:41	Ok	0	1	0.5665	0	13.601	0	11.371	0	27.734	0	0.476	0	NaN	-15	NaN	NaN
2019.11.16  20:38:28	Ok	0	1	0	1	3.992	0	3.445	0	8.402	0	0.225	0	NaN	-15	NaN	NaN
2019.11.16  20:39:28	Ok	0	1	0	0	4.035	0	3.383	0	8.252	0	0.188	0	NaN	-15	NaN	NaN
2019.11.16  20:40:18	Ok	0	1	0.070	0	4.542	0	3.939	0	9.607	0	0.211	0	NaN	-15	NaN	NaN
2019.11.16  20:41:15	Ok	0	1	0	1	4.463	0	3.810	0	9.292	0	0.215	0	NaN	-15	NaN	NaN
2019.11.16  20:42:08	Ok	0	1	0	1	4.495	0	3.784	0	9.230	0	0.195	0	NaN	-15	NaN	NaN
2019.11.16  20:42:56	Ok	0	1	0	1	3.593	0	3.156	0	7.698	0	0.195	0	NaN	-15	NaN	NaN
