10230382_350_0x0100_spectro::lyser_RIVER000V120	results of s::canpoint: LAB2                                
Date/Time	Status	Turbid. [FTUeq]200.00-0.00_2	[Turbid._0.0_1.0_0.0_0.0]	NO3-Neq [mg/l]10.00-0.00_2	[NO3-Neq_0.0_1.0_0.0_0.0]	TOCeq [mg/l]25.00-0.00_2	[TOCeq_0.0_1.0_0.0_0.0]	DOCeq [mg/l]12.00-0.00_2	[DOCeq_0.0_1.0_0.0_0.0]	SAC254 [Abs/m]NaN-NaN_2	[SAC254_0.0_1.0_0.0_0.0]	SAC436 [Abs/m]NaN-NaN_2	[SAC436_0.0_1.0_0.0_0.0]	254-436 [Abs/m]NaN-NaN_2	[254-436_0.0_1.0_0.0_0.0]	analogIN []NaN-NaN_2	[analogIN_0.0_1.0_0.0_0.0]
2019.11.25  18:20:36	Ok	0	1	0.022	0	4.225	0	3.704	0	9.035	0	0.179	0	NaN	-15	NaN	NaN
2019.11.25  18:21:20	Ok	0	1	0.775	0	17.302	0	14.257	3	34.773	0	0.585	0	NaN	-15	NaN	NaN
2019.11.25  18:22:06	Ok	0	1	0.180	0	8.116	0	6.963	0	16.984	0	0.300	0	NaN	-15	NaN	NaN
2019.11.25  18:22:50	Ok	0	1	0.709	0	17.379	0	14.069	3	34.314	0	0.573	0	NaN	-15	NaN	NaN
2019.11.25  18:23:39	Ok	0	1	0.791	0	19.438	0	15.792	3	38.516	0	0.641	0	NaN	-15	NaN	NaN
2019.11.25  18:24:21	Ok	0	1	0.766	0	19.096	0	15.286	3	37.283	0	0.595	0	NaN	-15	NaN	NaN
2019.11.25  18:25:12	Ok	0	1	0.770	0	20.276	0	16.324	3	39.816	0	0.642	0	NaN	-15	NaN	NaN
2019.11.25  18:26:04	Ok	0	1	0	1	4.403	0	3.870	0	9.439	0	0.187	0	NaN	-15	NaN	NaN
2019.11.25  18:26:47	Ok	0	1	0.393	0	9.580	0	7.981	0	19.466	0	0.347	0	NaN	-15	NaN	NaN
2019.11.25  18:27:39	Ok	0	1	0.577	0	11.714	0	9.632	0	23.493	0	0.389	0	NaN	-15	NaN	NaN
2019.11.25  18:28:24	Ok	0	1	0.411	0	12.515	0	10.331	0	25.197	0	0.427	0	NaN	-15	NaN	NaN
2019.11.25  18:29:09	Ok	0	1	0.524	0	13.799	0	11.194	0	27.303	0	0.458	0	NaN	-15	NaN	NaN
2019.11.25  18:29:53	Ok	0	1	0.711	0	14.425	0	11.904	0	29.034	0	0.489	0	NaN	-15	NaN	NaN
2019.11.25  18:30:37	Ok	0	1	0.069	0	6.527	0	5.708	0	13.921	0	0.257	0	NaN	-15	NaN	NaN
2019.11.25  18:31:27	Ok	0	1	0.084	0	5.752	0	4.975	0	12.135	0	0.228	0	NaN	-15	NaN	NaN
2019.11.25  18:32:10	Ok	0	1	0.364	0	8.250	0	6.990	0	17.049	0	0.288	0	NaN	-15	NaN	NaN
2019.11.25  18:33:06	Ok	0	1	0.635	0	11.603	0	9.773	0	23.835	0	0.394	0	NaN	-15	NaN	NaN
2019.11.25  18:34:03	Ok	0	1	0.060	0	6.559	0	5.691	0	13.879	0	0.280	0	NaN	-15	NaN	NaN
2019.11.25  18:34:58	Ok	0	1	0.214	0	8.330	0	6.959	0	16.973	0	0.330	0	NaN	-15	NaN	NaN
2019.11.25  18:35:41	Ok	0	1	0.572	0	12.252	0	9.935	0	24.232	0	0.447	0	NaN	-15	NaN	NaN
2019.11.25  18:36:30	Ok	0	1	0.840	0	15.764	0	12.783	3	31.178	0	0.541	0	NaN	-15	NaN	NaN
2019.11.25  18:37:16	Ok	1.279	0	0.721	0	16.016	0	12.680	3	30.927	0	0.514	0	NaN	-15	NaN	NaN
2019.11.25  18:38:10	Ok	0	1	0.136	0	7.503	0	6.382	0	15.565	0	0.286	0	NaN	-15	NaN	NaN
2019.11.25  18:38:53	Ok	0	1	0.505	0	11.777	0	9.723	0	23.716	0	0.411	0	NaN	-15	NaN	NaN
2019.11.25  18:39:36	Ok	0	1	0.372	0	9.951	0	8.104	0	19.766	0	0.379	0	NaN	-15	NaN	NaN
2019.11.25  18:40:19	Ok	0	1	0.518	0	11.766	0	9.573	0	23.348	0	0.441	0	NaN	-15	NaN	NaN
2019.11.25  18:40:58	Ok	0	1	0.669	0	13.811	0	11.165	0	27.232	0	0.482	0	NaN	-15	NaN	NaN
2019.11.25  18:41:36	Ok	2.353	0	0.673	0	14.465	0	11.447	0	27.920	0	0.482	0	NaN	-15	NaN	NaN