10230382_350_0x0100_spectro::lyser_RIVER000V120	results of s::canpoint: LAB2                                
Date/Time	Status	Turbid. [FTUeq]200.00-0.00_2	[Turbid._0.0_1.0_0.0_0.0]	NO3-Neq [mg/l]10.00-0.00_2	[NO3-Neq_0.0_1.0_0.0_0.0]	TOCeq [mg/l]25.00-0.00_2	[TOCeq_0.0_1.0_0.0_0.0]	DOCeq [mg/l]12.00-0.00_2	[DOCeq_0.0_1.0_0.0_0.0]	SAC254 [Abs/m]NaN-NaN_2	[SAC254_0.0_1.0_0.0_0.0]	SAC436 [Abs/m]NaN-NaN_2	[SAC436_0.0_1.0_0.0_0.0]	254-436 [Abs/m]NaN-NaN_2	[254-436_0.0_1.0_0.0_0.0]	analogIN []NaN-NaN_2	[analogIN_0.0_1.0_0.0_0.0]
2019.12.31  17:53:22	Ok	0	1	0.008	0	5.574	0	4.539	0	11.070	0	0.225	0	NaN	-15	NaN	NaN
2019.12.31  17:54:11	Ok	0	1	0	1	3.946	0	3.187	0	7.773	0	0.196	0	NaN	-15	NaN	NaN
2019.12.31  17:54:59	Ok	0	1	0	1	3.686	0	2.987	0	7.285	0	0.198	0	NaN	-15	NaN	NaN
2019.12.31  17:55:50	Ok	0	1	0	1	5.761	0	4.676	0	11.404	0	0.264	0	NaN	-15	NaN	NaN
2019.12.31  17:56:34	Ok	0	1	0	1	3.536	0	2.872	0	7.005	0	0.188	0	NaN	-15	NaN	NaN
2019.12.31  17:57:16	Ok	0	1	0.271	0	9.380	0	7.797	0	19.016	0	0.339	0	NaN	-15	NaN	NaN
2019.12.31  17:57:56	Ok	0	1	0.243	0	9.065	0	7.551	0	18.416	0	0.321	0	NaN	-15	NaN	NaN
2019.12.31  17:58:40	Ok	0	1	0.103	0	7.059	0	5.911	0	14.418	0	0.275	0	NaN	-15	NaN	NaN
2019.12.31  17:59:19	Ok	0	1	0.106	0	7.266	0	5.962	0	14.542	0	0.294	0	NaN	-15	NaN	NaN
2019.12.31  18:00:01	Ok	0	1	0.409	0	10.085	0	8.360	0	20.390	0	0.388	0	NaN	-15	NaN	NaN
2019.12.31  18:00:45	Ok	0	1	0.410	0	10.608	0	8.713	0	21.251	0	0.370	0	NaN	-15	NaN	NaN
2019.12.31  18:01:27	Ok	0	1	0.079	0	6.656	0	5.615	0	13.696	0	0.271	0	NaN	-15	NaN	NaN
2019.12.31  18:02:12	Ok	0	1	0.046	0	6.425	0	5.571	0	13.589	0	0.260	0	NaN	-15	NaN	NaN
2019.12.31  18:02:55	Ok	0	1	0.140	0	7.492	0	6.398	0	15.606	0	0.291	0	NaN	-15	NaN	NaN
2019.12.31  18:03:37	Ok	0	1	0.369	0	9.676	0	8.148	0	19.873	0	0.362	0	NaN	-15	NaN	NaN
2019.12.31  18:04:17	Ok	0	1	0.420	0	10.587	0	8.791	0	21.442	0	0.368	0	NaN	-15	NaN	NaN
2019.12.31  18:05:30	Ok	0	1	0	1	4.447	0	3.781	0	9.223	0	0.174	0	NaN	-15	NaN	NaN
2019.12.31  18:06:41	Ok	0	1	0.008	0	6.173	0	5.362	0	13.078	0	0.255	0	NaN	-15	NaN	NaN
2019.12.31  18:07:24	Ok	0	1	0.158	0	7.910	0	6.786	0	16.552	0	0.321	0	NaN	-15	NaN	NaN
2019.12.31  18:08:07	Ok	0	1	0.066	0	6.469	0	5.517	0	13.457	0	0.247	0	NaN	-15	NaN	NaN
2019.12.31  18:08:47	Ok	0	1	0.205	0	8.443	0	7.033	0	17.153	0	0.308	0	NaN	-15	NaN	NaN
2019.12.31  18:09:34	Ok	0	1	0	1	4.528	0	3.888	0	9.482	0	0.191	0	NaN	-15	NaN	NaN
2019.12.31  18:10:21	Ok	0	1	0.310	0	8.761	0	7.266	0	17.721	0	0.316	0	NaN	-15	NaN	NaN
2019.12.31  18:11:02	Ok	0	1	0.187	0	8.031	0	6.760	0	16.489	0	0.305	0	NaN	-15	NaN	NaN
2019.12.31  18:11:41	Ok	0	1	0.388	0	11.668	0	9.477	0	23.114	0	0.406	0	NaN	-15	NaN	NaN
2019.12.31  18:12:21	Ok	0	1	0.584	0	12.747	0	10.458	0	25.508	0	0.435	0	NaN	-15	NaN	NaN
2019.12.31  18:13:04	Ok	0	1	0.580	0	12.561	0	10.306	0	25.138	0	0.427	0	NaN	-15	NaN	NaN
2019.12.31  18:13:44	Ok	0	1	0.395	0	11.212	0	9.119	0	22.242	0	0.368	0	NaN	-15	NaN	NaN
2019.12.31  18:14:25	Ok	0	1	0.504	0	15.284	0	12.322	3	30.053	0	0.503	0	NaN	-15	NaN	NaN
2019.12.31  18:15:03	Ok	0	1	0.777	0	18.983	0	15.242	3	37.176	0	0.605	0	NaN	-15	NaN	NaN
2019.12.31  18:16:01	Ok	0.002	0	0.722	0	18.191	0	14.524	3	35.425	0	0.583	0	NaN	-15	NaN	NaN
2019.12.31  18:16:52	Ok	0.045	0	0.843	0	17.202	0	13.818	3	33.702	0	0.562	0	NaN	-15	NaN	NaN
2019.12.31  18:17:35	Ok	0	1	0.468	0	15.031	0	12.146	3	29.624	0	0.498	0	NaN	-15	NaN	NaN
2019.12.31  18:18:20	Ok	0	1	0.020	0	5.857	0	4.984	0	12.157	0	0.242	0	NaN	-15	NaN	NaN
2019.12.31  18:18:59	Ok	0	1	0.092	0	7.274	0	5.957	0	14.530	0	0.295	0	NaN	-15	NaN	NaN
2019.12.31  18:19:42	Ok	0	1	0.257	0	9.170	0	7.428	0	18.118	0	0.352	0	NaN	-15	NaN	NaN
2019.12.31  18:20:21	Ok	0	1	0.268	0	6.991	0	6.024	0	14.694	0	0.273	0	NaN	-15	NaN	NaN
2019.12.31  18:21:04	Ok	0	1	0	1	4.306	0	3.749	0	9.143	0	0.191	0	NaN	-15	NaN	NaN
2019.12.31  18:21:48	Ok	0	1	0.134	0	7.844	0	6.703	0	16.348	0	0.305	0	NaN	-15	NaN	NaN
2019.12.31  18:22:29	Ok	0	1	0.414	0	13.730	0	11.273	0	27.496	0	0.487	0	NaN	-15	NaN	NaN
2019.12.31  18:23:09	Ok	0	1	0.151	0	7.826	0	6.655	0	16.233	0	0.307	0	NaN	-15	NaN	NaN