10230382_350_0x0100_spectro::lyser_RIVER000V120	results of s::canpoint: LAB2                                
Date/Time	Status	Turbid. [FTUeq]200.00-0.00_2	[Turbid._0.0_1.0_0.0_0.0]	NO3-Neq [mg/l]10.00-0.00_2	[NO3-Neq_0.0_1.0_0.0_0.0]	TOCeq [mg/l]25.00-0.00_2	[TOCeq_0.0_1.0_0.0_0.0]	DOCeq [mg/l]12.00-0.00_2	[DOCeq_0.0_1.0_0.0_0.0]	SAC254 [Abs/m]NaN-NaN_2	[SAC254_0.0_1.0_0.0_0.0]	SAC436 [Abs/m]NaN-NaN_2	[SAC436_0.0_1.0_0.0_0.0]	254-436 [Abs/m]NaN-NaN_2	[254-436_0.0_1.0_0.0_0.0]	analogIN []NaN-NaN_2	[analogIN_0.0_1.0_0.0_0.0]
2019.07.04  16:08:13	Ok	0	1	0	1	4.594	0	3.734	0	9.108	0	0.186	0	NaN	-15	NaN	NaN
2019.07.04  16:08:33	Ok	0	1	0	1	4.585	0	3.720	0	9.073	0	0.179	0	NaN	-15	NaN	NaN
2019.07.04  16:08:58	Ok	0	1	0	1	4.626	0	3.709	0	9.047	0	0.182	0	NaN	-15	NaN	NaN
2019.07.04  16:09:37	Ok	0	1	0	1	2.522	0	2.188	0	5.336	0	0.154	0	NaN	-15	NaN	NaN
2019.07.04  16:10:02	Ok	0	1	0	1	2.519	0	2.194	0	5.352	0	0.157	0	NaN	-15	NaN	NaN
2019.07.04  16:10:37	Ok	0	1	0	1	2.499	0	2.183	0	5.324	0	0.154	0	NaN	-15	NaN	NaN
2019.07.04  16:13:45	Ok	0	1	0	1	2.562	0	2.151	0	5.247	0	0.159	0	NaN	-15	NaN	NaN
2019.07.04  16:14:04	Ok	0	1	0	1	2.521	0	2.169	0	5.291	0	0.163	0	NaN	-15	NaN	NaN
2019.07.04  16:14:27	Ok	0	1	0	1	2.498	0	2.123	0	5.178	0	0.152	0	NaN	-15	NaN	NaN
2019.07.04  16:15:03	Ok	0	1	0	1	2.505	0	2.111	0	5.150	0	0.145	0	NaN	-15	NaN	NaN
2019.07.04  16:15:22	Ok	0	1	0	1	2.488	0	2.148	0	5.238	0	0.159	0	NaN	-15	NaN	NaN
2019.07.04  16:15:43	Ok	0	1	0	1	2.489	0	2.168	0	5.288	0	0.164	0	NaN	-15	NaN	NaN
2019.07.04  16:16:04	Ok	0	1	0	1	2.497	0	2.108	0	5.141	0	0.141	0	NaN	-15	NaN	NaN
2019.07.04  16:16:42	Ok	0	1	0	1	2.482	0	2.134	0	5.204	0	0.151	0	NaN	-15	NaN	NaN
2019.07.04  16:17:01	Ok	0	1	0	1	2.404	0	2.143	0	5.227	0	0.151	0	NaN	-15	NaN	NaN
2019.07.04  16:17:21	Ok	0	1	0	1	2.425	0	2.154	0	5.254	0	0.157	0	NaN	-15	NaN	NaN
2019.07.04  16:18:01	Ok	0	1	0	1	3.680	0	3.125	0	7.623	0	0.191	0	NaN	-15	NaN	NaN
2019.07.04  16:18:36	Ok	0	1	0	1	3.645	0	3.111	0	7.588	0	0.185	0	NaN	-15	NaN	NaN
2019.07.04  16:19:13	Ok	0	1	0	1	3.656	0	3.110	0	7.585	0	0.185	0	NaN	-15	NaN	NaN
2019.07.04  16:19:59	Ok	0.207	0	0.531	0	13.563	0	10.349	0	25.242	0	0.493	0	NaN	-15	NaN	NaN
2019.07.04  16:20:21	Ok	0	1	0.512	0	13.450	0	10.326	0	25.186	0	0.494	0	NaN	-15	NaN	NaN
2019.07.04  16:21:08	Ok	0	1	0.125	0	7.845	0	6.415	0	15.646	0	0.265	0	NaN	-15	NaN	NaN
2019.07.04  16:21:30	Ok	0	1	0.123	0	7.903	0	6.498	0	15.848	0	0.273	0	NaN	-15	NaN	NaN
2019.07.04  16:22:20	Ok	0	1	0.140	0	7.894	0	6.518	0	15.897	0	0.288	0	NaN	-15	NaN	NaN
2019.07.04  16:22:56	Ok	0	1	0	1	3.960	0	3.389	0	8.266	0	0.190	0	NaN	-15	NaN	NaN
2019.07.04  16:23:15	Ok	0	1	0	1	3.916	0	3.360	0	8.194	0	0.180	0	NaN	-15	NaN	NaN
2019.07.04  16:23:36	Ok	0	1	0	1	3.949	0	3.356	0	8.185	0	0.186	0	NaN	-15	NaN	NaN
2019.07.04  16:24:20	Ok	0	1	0	1	4.331	0	3.703	0	9.031	0	0.176	0	NaN	-15	NaN	NaN
2019.07.04  16:24:39	Ok	0	1	0	1	4.295	0	3.721	0	9.076	0	0.185	0	NaN	-15	NaN	NaN
2019.07.04  16:25:13	Ok	0	1	0.058	0	7.169	0	6.063	0	14.787	0	0.299	0	NaN	-15	NaN	NaN
2019.07.04  16:25:33	Ok	0	1	0.076	0	7.121	0	6.029	0	14.704	0	0.280	0	NaN	-15	NaN	NaN
2019.07.04  16:26:33	Ok	0	1	0.051	0	7.102	0	6.067	0	14.797	0	0.289	0	NaN	-15	NaN	NaN
2019.07.04  16:27:19	Ok	0	1	0	1	4.566	0	3.931	0	9.588	0	0.188	0	NaN	-15	NaN	NaN
2019.07.04  16:27:49	Ok	0	1	0	1	4.482	0	3.923	0	9.568	0	0.183	0	NaN	-15	NaN	NaN
2019.07.04  16:28:19	Ok	0	1	0	1	4.529	0	3.929	0	9.583	0	0.177	0	NaN	-15	NaN	NaN
2019.07.04  16:29:12	Ok	0	1	0	1	2.838	0	2.491	0	6.076	0	0.158	0	NaN	-15	NaN	NaN
2019.07.04  16:29:53	Ok	0	1	0	1	2.833	0	2.417	0	5.894	0	0.134	0	NaN	-15	NaN	NaN
2019.07.04  16:30:24	Ok	0	1	0	1	2.800	0	2.475	0	6.038	0	0.159	0	NaN	-15	NaN	NaN
2019.07.04  16:31:06	Ok	0	1	0	1	4.651	0	3.890	0	9.488	0	0.222	0	NaN	-15	NaN	NaN
2019.07.04  16:31:28	Ok	0	1	0	1	4.677	0	3.833	0	9.349	0	0.210	0	NaN	-15	NaN	NaN
2019.07.04  16:31:47	Ok	0	1	0	1	4.677	0	3.806	0	9.284	0	0.198	0	NaN	-15	NaN	NaN
