10230382_350_0x0100_spectro::lyser_RIVER000V120	results of s::canpoint: LAB2                                
Date/Time	Status	Turbid. [FTUeq]200.00-0.00_2	[Turbid._0.0_1.0_0.0_0.0]	NO3-Neq [mg/l]10.00-0.00_2	[NO3-Neq_0.0_1.0_0.0_0.0]	TOCeq [mg/l]25.00-0.00_2	[TOCeq_0.0_1.0_0.0_0.0]	DOCeq [mg/l]12.00-0.00_2	[DOCeq_0.0_1.0_0.0_0.0]	SAC254 [Abs/m]NaN-NaN_2	[SAC254_0.0_1.0_0.0_0.0]	SAC436 [Abs/m]NaN-NaN_2	[SAC436_0.0_1.0_0.0_0.0]	254-436 [Abs/m]NaN-NaN_2	[254-436_0.0_1.0_0.0_0.0]	analogIN []NaN-NaN_2	[analogIN_0.0_1.0_0.0_0.0]
2019.10.13  20:34:52	Ok	0.381	0	NaN	-10	20.921	0	16.826	3	41.040	0	0.629	0	NaN	-15	NaN	NaN
2019.10.13  20:35:28	Ok	0	1	NaN	-10	21.934	0	17.491	3	42.662	0	0.672	0	NaN	-15	NaN	NaN
2019.10.13  20:36:08	Ok	0.037	0	NaN	-10	22.099	0	17.670	3	43.098	0	0.683	0	NaN	-15	NaN	NaN
2019.10.13  20:36:51	Ok	0	1	0.522	0	19.712	0	15.915	3	38.816	0	0.612	0	NaN	-15	NaN	NaN
2019.10.13  20:37:30	Ok	0	1	0.690	0	19.506	0	15.839	3	38.632	0	0.605	0	NaN	-15	NaN	NaN
2019.10.13  20:38:01	Ok	0.179	0	0.788	0	19.601	0	15.758	3	38.434	0	0.598	0	NaN	-15	NaN	NaN
2019.10.13  20:38:39	Ok	0	1	0.451	0	12.549	0	10.502	0	25.615	0	0.418	0	NaN	-15	NaN	NaN
2019.10.13  20:39:11	Ok	0	1	0.488	0	12.096	0	10.131	0	24.710	0	0.404	0	NaN	-15	NaN	NaN
2019.10.13  20:39:47	Ok	0	1	0.416	0	12.047	0	10.137	0	24.725	0	0.414	0	NaN	-15	NaN	NaN
2019.10.13  20:40:22	Ok	0	1	0.060	0	4.908	0	3.899	0	9.511	0	0.225	0	NaN	-15	NaN	NaN
2019.10.13  20:40:52	Ok	0	1	0.038	0	4.409	0	3.500	0	8.536	0	0.220	0	NaN	-15	NaN	NaN
2019.10.13  20:41:39	Ok	0	1	0.017	0	4.329	0	3.481	0	8.489	0	0.240	0	NaN	-15	NaN	NaN
2019.10.13  20:42:29	Ok	0	1	0.061	0	5.560	0	4.837	0	11.797	0	0.217	0	NaN	-15	NaN	NaN
2019.10.13  20:43:04	Ok	0	1	0.073	0	5.585	0	4.903	0	11.958	0	0.209	0	NaN	-15	NaN	NaN
2019.10.13  20:43:50	Ok	0	1	0.057	0	5.461	0	4.840	0	11.804	0	0.213	0	NaN	-15	NaN	NaN
2019.10.13  20:44:19	Ok	0	1	0	1	5.158	0	4.487	0	10.945	0	0.200	0	NaN	-15	NaN	NaN
2019.10.13  20:44:52	Ok	0	1	0	1	5.149	0	4.518	0	11.020	0	0.222	0	NaN	-15	NaN	NaN
2019.10.13  20:45:24	Ok	0	1	0	1	5.171	0	4.488	0	10.947	0	0.222	0	NaN	-15	NaN	NaN
2019.10.13  20:46:00	Ok	1.419	0	0.079	0	5.137	0	4.000	0	9.756	0	0.199	0	NaN	-15	NaN	NaN
2019.10.13  20:46:33	Ok	1.634	0	0.098	0	5.119	0	3.927	0	9.579	0	0.183	0	NaN	-15	NaN	NaN
2019.10.13  20:47:03	Ok	1.024	0	0.079	0	5.041	0	3.968	0	9.678	0	0.202	0	NaN	-15	NaN	NaN
2019.10.13  20:47:42	Ok	0	1	0.817	0	19.721	0	16.570	3	40.414	0	0.611	0	NaN	-15	NaN	NaN
2019.10.13  20:48:19	Ok	0	1	0.723	0	20.649	0	17.373	3	42.374	0	0.627	0	NaN	-15	NaN	NaN
2019.10.13  20:48:53	Ok	0	1	NaN	-10	20.626	0	17.301	3	42.197	0	0.628	0	NaN	-15	NaN	NaN
2019.10.13  20:49:29	Ok	0	1	0.115	0	6.098	0	5.298	0	12.921	0	0.221	0	NaN	-15	NaN	NaN
2019.10.13  20:50:03	Ok	0	1	0.058	0	4.901	0	4.287	0	10.456	0	0.204	0	NaN	-15	NaN	NaN
2019.10.13  20:50:36	Ok	0	1	0	1	4.787	0	4.248	0	10.360	0	0.225	0	NaN	-15	NaN	NaN
2019.10.13  20:51:06	Ok	0	1	0.176	0	7.809	0	6.683	0	16.299	0	0.280	0	NaN	-15	NaN	NaN
2019.10.13  20:51:40	Ok	0	1	0.184	0	8.025	0	6.900	0	16.829	0	0.290	0	NaN	-15	NaN	NaN
2019.10.13  20:52:15	Ok	0	1	0.189	0	8.066	0	6.898	0	16.825	0	0.276	0	NaN	-15	NaN	NaN
2019.10.13  20:52:50	Ok	2.058	0	0.367	0	12.182	0	9.483	0	23.129	0	0.413	0	NaN	-15	NaN	NaN
2019.10.13  20:53:32	Ok	1.728	0	0.408	0	12.393	0	9.644	0	23.522	0	0.413	0	NaN	-15	NaN	NaN
2019.10.13  20:54:08	Ok	2.325	0	0.389	0	12.539	0	9.709	0	23.680	0	0.443	0	NaN	-15	NaN	NaN
2019.10.13  20:54:47	Ok	0	1	0.145	0	7.472	0	6.270	0	15.292	0	0.275	0	NaN	-15	NaN	NaN
2019.10.13  20:55:18	Ok	0	1	0.148	0	7.055	0	6.001	0	14.637	0	0.258	0	NaN	-15	NaN	NaN
2019.10.13  20:55:50	Ok	0	1	0.133	0	6.992	0	6.003	0	14.642	0	0.258	0	NaN	-15	NaN	NaN
2019.10.13  20:56:24	Ok	0	1	0.134	0	7.010	0	5.976	0	14.575	0	0.261	0	NaN	-15	NaN	NaN
2019.10.13  20:57:04	Ok	0	1	0.114	0	6.965	0	5.981	0	14.587	0	0.267	0	NaN	-15	NaN	NaN
2019.10.13  20:57:35	Ok	0	1	0.135	0	6.939	0	5.991	0	14.613	0	0.273	0	NaN	-15	NaN	NaN
2019.10.13  20:58:10	Ok	0	1	0.143	0	7.037	0	5.955	0	14.524	0	0.249	0	NaN	-15	NaN	NaN
2019.10.13  20:58:41	Ok	0	1	0.125	0	7.037	0	5.971	0	14.564	0	0.253	0	NaN	-15	NaN	NaN
2019.10.13  20:59:10	Ok	0	1	0.143	0	6.965	0	6.018	0	14.678	0	0.272	0	NaN	-15	NaN	NaN
2019.10.13  20:59:43	Ok	0	1	0.131	0	7.013	0	5.958	0	14.532	0	0.250	0	NaN	-15	NaN	NaN
2019.10.13  21:00:17	Ok	0	1	0.112	0	7.032	0	5.996	0	14.625	0	0.273	0	NaN	-15	NaN	NaN
2019.10.13  21:00:49	Ok	0	1	0.136	0	7.030	0	5.987	0	14.602	0	0.267	0	NaN	-15	NaN	NaN
2019.10.13  21:01:36	Ok	0	1	0.136	0	7.075	0	6.005	0	14.647	0	0.273	0	NaN	-15	NaN	NaN
2019.10.13  21:02:10	Ok	0	1	0.121	0	6.994	0	5.962	0	14.540	0	0.261	0	NaN	-15	NaN	NaN
2019.10.13  21:02:41	Ok	0	1	0.131	0	6.928	0	5.990	0	14.611	0	0.274	0	NaN	-15	NaN	NaN
2019.10.13  21:03:11	Ok	0	1	0.144	0	7.046	0	5.977	0	14.579	0	0.268	0	NaN	-15	NaN	NaN
2019.10.13  21:03:51	Ok	0	1	0.129	0	7.051	0	5.965	0	14.549	0	0.265	0	NaN	-15	NaN	NaN
2019.10.13  21:04:26	Ok	0	1	0.133	0	6.958	0	5.978	0	14.581	0	0.261	0	NaN	-15	NaN	NaN
2019.10.13  21:04:55	Ok	0	1	0.141	0	6.992	0	5.969	0	14.558	0	0.266	0	NaN	-15	NaN	NaN
