10230382_350_0x0100_spectro::lyser_RIVER000V120	results of s::canpoint: LAB2                                
Date/Time	Status	Turbid. [FTUeq]200.00-0.00_2	[Turbid._0.0_1.0_0.0_0.0]	NO3-Neq [mg/l]10.00-0.00_2	[NO3-Neq_0.0_1.0_0.0_0.0]	TOCeq [mg/l]25.00-0.00_2	[TOCeq_0.0_1.0_0.0_0.0]	DOCeq [mg/l]12.00-0.00_2	[DOCeq_0.0_1.0_0.0_0.0]	SAC254 [Abs/m]NaN-NaN_2	[SAC254_0.0_1.0_0.0_0.0]	SAC436 [Abs/m]NaN-NaN_2	[SAC436_0.0_1.0_0.0_0.0]	254-436 [Abs/m]NaN-NaN_2	[254-436_0.0_1.0_0.0_0.0]	analogIN []NaN-NaN_2	[analogIN_0.0_1.0_0.0_0.0]
2019.08.30  12:20:48	Ok	0	1	0	1	3.801	0	3.172	0	7.736	0	0.154	0	NaN	-15	NaN	NaN
2019.08.30  12:29:14	Ok	0	1	0	1	3.765	0	3.262	0	7.955	0	0.174	0	NaN	-15	NaN	NaN
2019.08.30  12:37:27	Ok	0	1	0	1	3.625	0	3.140	0	7.659	0	0.136	0	NaN	-15	NaN	NaN
2019.08.30  12:47:28	Ok	0	1	0	1	3.628	0	3.159	0	7.704	0	0.157	0	NaN	-15	NaN	NaN
2019.08.30  12:50:24	Ok	0	1	0	1	3.524	0	3.142	0	7.662	0	0.162	0	NaN	-15	NaN	NaN
2019.08.30  12:55:05	Ok	0	1	0	1	3.556	0	3.102	0	7.566	0	0.152	0	NaN	-15	NaN	NaN
2019.08.30  13:08:39	Ok	0	1	0.039	0	7.406	0	6.109	0	14.900	0	0.289	0	NaN	-15	NaN	NaN
2019.08.30  13:13:43	Ok	0	1	0.072	0	7.664	0	6.230	0	15.195	0	0.296	0	NaN	-15	NaN	NaN
2019.08.30  13:19:36	Ok	0	1	0.024	0	6.259	0	5.404	0	13.180	0	0.244	0	NaN	-15	NaN	NaN
2019.08.30  13:24:22	Ok	0	1	0.027	0	6.152	0	5.304	0	12.938	0	0.222	0	NaN	-15	NaN	NaN
2019.08.30  13:27:34	Ok	0	1	0.033	0	6.200	0	5.287	0	12.895	0	0.217	0	NaN	-15	NaN	NaN
2019.08.30  13:32:52	Ok	0	1	0.021	0	6.097	0	5.301	0	12.929	0	0.227	0	NaN	-15	NaN	NaN
2019.08.30  13:36:13	Ok	0	1	0.036	0	6.024	0	5.250	0	12.806	0	0.218	0	NaN	-15	NaN	NaN
2019.08.30  13:39:50	Ok	0	1	0.013	0	5.994	0	5.292	0	12.906	0	0.240	0	NaN	-15	NaN	NaN
