10230382_350_0x0100_spectro::lyser_RIVER000V120	results of s::canpoint: LAB2                                
Date/Time	Status	Turbid. [FTUeq]200.00-0.00_2	[Turbid._0.0_1.0_0.0_0.0]	NO3-Neq [mg/l]10.00-0.00_2	[NO3-Neq_0.0_1.0_0.0_0.0]	TOCeq [mg/l]25.00-0.00_2	[TOCeq_0.0_1.0_0.0_0.0]	DOCeq [mg/l]12.00-0.00_2	[DOCeq_0.0_1.0_0.0_0.0]	SAC254 [Abs/m]NaN-NaN_2	[SAC254_0.0_1.0_0.0_0.0]	SAC436 [Abs/m]NaN-NaN_2	[SAC436_0.0_1.0_0.0_0.0]	254-436 [Abs/m]NaN-NaN_2	[254-436_0.0_1.0_0.0_0.0]	analogIN []NaN-NaN_2	[analogIN_0.0_1.0_0.0_0.0]
2019.07.09  18:07:19	Ok	0	1	0	1	1.393	0	1.185	0	2.890	0	0.094	0	NaN	-15	NaN	NaN
2019.07.09  18:07:42	Ok	0	1	0	1	1.391	0	1.177	0	2.872	0	0.087	0	NaN	-15	NaN	NaN
2019.07.09  18:08:02	Ok	0	1	0	1	1.357	0	1.215	0	2.964	0	0.107	0	NaN	-15	NaN	NaN
2019.07.09  18:09:03	Ok	0	1	1.735	0	7.371	0	7.064	0	17.230	0	0.084	0	NaN	-15	NaN	NaN
2019.07.09  18:09:25	Ok	0	1	1.723	0	7.310	0	7.083	0	17.277	0	0.095	0	NaN	-15	NaN	NaN
2019.07.09  18:09:44	Ok	0	1	1.642	0	7.374	0	7.102	0	17.321	0	0.104	0	NaN	-15	NaN	NaN
2019.07.09  18:10:30	Ok	0	1	1.613	0	8.619	0	8.333	0	20.325	0	0.095	0	NaN	-15	NaN	NaN
2019.07.09  18:10:51	Ok	0	1	1.781	0	8.606	0	8.359	0	20.387	0	0.110	0	NaN	-15	NaN	NaN
2019.07.09  18:11:12	Ok	0	1	1.742	0	8.608	0	8.322	0	20.298	0	0.089	0	NaN	-15	NaN	NaN
2019.07.09  18:12:01	Ok	0	1	NaN	-10	10.328	0	10.031	0	24.466	0	0.103	0	NaN	-15	NaN	NaN
2019.07.09  18:12:22	Ok	0	1	NaN	-10	10.301	0	10.036	0	24.478	0	0.099	0	NaN	-15	NaN	NaN
2019.07.09  18:12:42	Ok	0	1	NaN	-10	10.296	0	10.068	0	24.556	0	0.118	0	NaN	-15	NaN	NaN