10230382_350_0x0100_spectro::lyser_RIVER000V120	results of s::canpoint: LAB2                                
Date/Time	Status	Turbid. [FTUeq]200.00-0.00_2	[Turbid._0.0_1.0_0.0_0.0]	NO3-Neq [mg/l]10.00-0.00_2	[NO3-Neq_0.0_1.0_0.0_0.0]	TOCeq [mg/l]25.00-0.00_2	[TOCeq_0.0_1.0_0.0_0.0]	DOCeq [mg/l]12.00-0.00_2	[DOCeq_0.0_1.0_0.0_0.0]	SAC254 [Abs/m]NaN-NaN_2	[SAC254_0.0_1.0_0.0_0.0]	SAC436 [Abs/m]NaN-NaN_2	[SAC436_0.0_1.0_0.0_0.0]	254-436 [Abs/m]NaN-NaN_2	[254-436_0.0_1.0_0.0_0.0]	analogIN []NaN-NaN_2	[analogIN_0.0_1.0_0.0_0.0]
2019.07.04  15:42:42	Ok	0	1	0	1	2.491	0	2.111	0	5.149	0	0.114	0	NaN	-15	NaN	NaN
2019.07.04  15:43:20	Ok	0	1	0	1	2.513	0	2.149	0	5.242	0	0.120	0	NaN	-15	NaN	NaN
2019.07.04  15:43:55	Ok	0	1	0	1	2.531	0	2.178	0	5.313	0	0.140	0	NaN	-15	NaN	NaN
2019.07.04  15:44:30	Ok	0	1	0	1	2.624	0	2.175	0	5.306	0	0.118	0	NaN	-15	NaN	NaN
2019.07.04  15:45:05	Ok	0	1	0	1	2.570	0	2.214	0	5.399	0	0.132	0	NaN	-15	NaN	NaN
2019.07.04  15:45:40	Ok	0	1	0	1	2.564	0	2.226	0	5.429	0	0.141	0	NaN	-15	NaN	NaN
2019.07.04  15:46:18	Ok	0	1	0	1	2.574	0	2.254	0	5.498	0	0.136	0	NaN	-15	NaN	NaN
2019.07.04  15:47:21	Ok	0	1	0	1	2.545	0	2.226	0	5.428	0	0.121	0	NaN	-15	NaN	NaN
2019.07.04  15:48:56	Ok	0	1	0	1	2.546	0	2.291	0	5.587	0	0.154	0	NaN	-15	NaN	NaN
2019.07.04  15:49:33	Ok	0	1	0	1	3.814	0	3.234	0	7.887	0	0.183	0	NaN	-15	NaN	NaN
2019.07.04  15:50:08	Ok	0	1	0	1	3.850	0	3.352	0	8.177	0	0.213	0	NaN	-15	NaN	NaN
2019.07.04  15:50:55	Ok	0	1	0	1	3.891	0	3.253	0	7.934	0	0.164	0	NaN	-15	NaN	NaN
2019.07.04  15:51:34	Ok	0	1	0.520	0	14.088	0	11.190	0	27.292	0	0.484	0	NaN	-15	NaN	NaN
2019.07.04  15:52:10	Ok	0	1	0.604	0	14.650	0	11.546	0	28.161	0	0.484	0	NaN	-15	NaN	NaN
2019.07.04  15:55:41	Ok	0	1	0	1	3.678	0	3.155	0	7.696	0	0.180	0	NaN	-15	NaN	NaN
2019.07.04  15:56:19	Ok	0	1	0	1	2.874	0	2.558	0	6.240	0	0.173	0	NaN	-15	NaN	NaN
2019.07.04  15:56:55	Ok	0	1	0	1	2.732	0	2.368	0	5.775	0	0.131	0	NaN	-15	NaN	NaN
2019.07.04  15:57:31	Ok	0	1	0.091	0	7.979	0	6.639	0	16.194	0	0.287	0	NaN	-15	NaN	NaN
2019.07.04  15:58:06	Ok	0	1	0.121	0	8.338	0	6.969	0	16.998	0	0.292	0	NaN	-15	NaN	NaN
2019.07.04  15:58:48	Ok	0	1	0.129	0	8.373	0	6.973	0	17.007	0	0.293	0	NaN	-15	NaN	NaN
2019.07.04  15:59:23	Ok	0	1	0	1	3.253	0	2.778	0	6.776	0	0.167	0	NaN	-15	NaN	NaN
2019.07.04  16:00:28	Ok	0	1	0	1	2.835	0	2.493	0	6.080	0	0.165	0	NaN	-15	NaN	NaN
2019.07.04  16:01:53	Ok	0	1	0	1	2.807	0	2.416	0	5.892	0	0.142	0	NaN	-15	NaN	NaN
2019.07.04  16:03:09	Ok	0	1	0	1	3.721	0	3.066	0	7.479	0	0.179	0	NaN	-15	NaN	NaN
2019.07.04  16:03:45	Ok	0	1	0	1	3.760	0	3.162	0	7.711	0	0.207	0	NaN	-15	NaN	NaN
2019.07.04  16:04:19	Ok	0	1	0	1	3.804	0	3.111	0	7.589	0	0.183	0	NaN	-15	NaN	NaN