10230382_350_0x0100_spectro::lyser_RIVER000V120	results of s::canpoint: LAB2                                
Date/Time	Status	Turbid. [FTUeq]200.00-0.00_2	[Turbid._0.0_1.0_0.0_0.0]	NO3-Neq [mg/l]10.00-0.00_2	[NO3-Neq_0.0_1.0_0.0_0.0]	TOCeq [mg/l]25.00-0.00_2	[TOCeq_0.0_1.0_0.0_0.0]	DOCeq [mg/l]12.00-0.00_2	[DOCeq_0.0_1.0_0.0_0.0]	SAC254 [Abs/m]NaN-NaN_2	[SAC254_0.0_1.0_0.0_0.0]	SAC436 [Abs/m]NaN-NaN_2	[SAC436_0.0_1.0_0.0_0.0]	254-436 [Abs/m]NaN-NaN_2	[254-436_0.0_1.0_0.0_0.0]	analogIN []NaN-NaN_2	[analogIN_0.0_1.0_0.0_0.0]
2019.07.04  16:41:53	Ok	0	1	0	1	4.721	0	3.806	0	9.283	0	0.209	0	NaN	-15	NaN	NaN
2019.07.04  16:42:13	Ok	0	1	0	1	4.663	0	3.760	0	9.170	0	0.191	0	NaN	-15	NaN	NaN
2019.07.04  16:42:32	Ok	0	1	0	1	4.686	0	3.772	0	9.201	0	0.195	0	NaN	-15	NaN	NaN
2019.07.04  16:43:09	Ok	0	1	0	1	2.518	0	2.110	0	5.146	0	0.134	0	NaN	-15	NaN	NaN
2019.07.04  16:43:29	Ok	0	1	0	1	2.476	0	2.170	0	5.292	0	0.158	0	NaN	-15	NaN	NaN
2019.07.04  16:43:49	Ok	0	1	0	1	2.486	0	2.115	0	5.159	0	0.132	0	NaN	-15	NaN	NaN
2019.07.04  16:44:35	Ok	0	1	0	1	2.568	0	2.076	0	5.063	0	0.130	0	NaN	-15	NaN	NaN
2019.07.04  16:44:54	Ok	0	1	0	1	2.497	0	2.124	0	5.180	0	0.146	0	NaN	-15	NaN	NaN
2019.07.04  16:45:14	Ok	0	1	0	1	2.507	0	2.127	0	5.188	0	0.149	0	NaN	-15	NaN	NaN
2019.07.04  16:45:47	Ok	0	1	0	1	2.552	0	2.123	0	5.178	0	0.158	0	NaN	-15	NaN	NaN
2019.07.04  16:46:09	Ok	0	1	0	1	2.482	0	2.161	0	5.270	0	0.173	0	NaN	-15	NaN	NaN
2019.07.04  16:46:28	Ok	0	1	0	1	2.494	0	2.138	0	5.215	0	0.156	0	NaN	-15	NaN	NaN
2019.07.04  16:47:04	Ok	0	1	0	1	2.440	0	2.149	0	5.241	0	0.155	0	NaN	-15	NaN	NaN
2019.07.04  16:47:24	Ok	0	1	0	1	2.441	0	2.090	0	5.098	0	0.133	0	NaN	-15	NaN	NaN
2019.07.04  16:47:44	Ok	0	1	0	1	2.413	0	2.124	0	5.179	0	0.147	0	NaN	-15	NaN	NaN
2019.07.04  16:48:18	Ok	0	1	0	1	3.674	0	3.113	0	7.592	0	0.189	0	NaN	-15	NaN	NaN
2019.07.04  16:48:40	Ok	0	1	0	1	3.669	0	3.065	0	7.477	0	0.172	0	NaN	-15	NaN	NaN
2019.07.04  16:49:05	Ok	0	1	0	1	3.659	0	3.136	0	7.649	0	0.195	0	NaN	-15	NaN	NaN
2019.07.04  16:49:43	Ok	0.312	0	0.473	0	13.727	0	10.376	0	25.306	0	0.486	0	NaN	-15	NaN	NaN
2019.07.04  16:50:04	Ok	0	1	0.505	0	13.620	0	10.368	0	25.289	0	0.505	0	NaN	-15	NaN	NaN
2019.07.04  16:50:25	Ok	0	1	0.468	0	13.658	0	10.414	0	25.401	0	0.516	0	NaN	-15	NaN	NaN
2019.07.04  16:51:01	Ok	0	1	0.142	0	7.910	0	6.451	0	15.733	0	0.274	0	NaN	-15	NaN	NaN
2019.07.04  16:51:21	Ok	0	1	0.137	0	7.821	0	6.442	0	15.713	0	0.277	0	NaN	-15	NaN	NaN
2019.07.04  16:51:45	Ok	0	1	0.127	0	7.795	0	6.436	0	15.697	0	0.269	0	NaN	-15	NaN	NaN
2019.07.04  16:54:56	Ok	0	1	0.122	0	7.515	0	6.147	0	14.992	0	0.253	0	NaN	-15	NaN	NaN
2019.07.04  16:55:35	Ok	0	1	0	1	3.855	0	3.360	0	8.196	0	0.212	0	NaN	-15	NaN	NaN
2019.07.04  16:55:54	Ok	0	1	0	1	3.827	0	3.321	0	8.101	0	0.188	0	NaN	-15	NaN	NaN
2019.07.04  16:56:14	Ok	0	1	0	1	3.782	0	3.352	0	8.176	0	0.209	0	NaN	-15	NaN	NaN
2019.07.04  16:56:33	Ok	0	1	0	1	3.847	0	3.263	0	7.958	0	0.166	0	NaN	-15	NaN	NaN
2019.07.04  16:57:08	Ok	0	1	0	1	4.338	0	3.676	0	8.965	0	0.171	0	NaN	-15	NaN	NaN
2019.07.04  16:57:28	Ok	0	1	0	1	4.272	0	3.724	0	9.083	0	0.190	0	NaN	-15	NaN	NaN
2019.07.04  16:57:48	Ok	0	1	0	1	4.299	0	3.715	0	9.061	0	0.187	0	NaN	-15	NaN	NaN
2019.07.04  16:58:24	Ok	0	1	0.081	0	7.209	0	6.023	0	14.690	0	0.271	0	NaN	-15	NaN	NaN
2019.07.04  16:58:43	Ok	0	1	0.064	0	7.175	0	6.052	0	14.761	0	0.283	0	NaN	-15	NaN	NaN
2019.07.04  16:59:03	Ok	0	1	0.085	0	7.173	0	6.017	0	14.676	0	0.269	0	NaN	-15	NaN	NaN
2019.07.04  16:59:36	Ok	0	1	0	1	4.529	0	3.937	0	9.602	0	0.183	0	NaN	-15	NaN	NaN
2019.07.04  16:59:59	Ok	0	1	0	1	4.545	0	3.877	0	9.456	0	0.164	0	NaN	-15	NaN	NaN
2019.07.04  17:00:18	Ok	0	1	0	1	4.514	0	3.939	0	9.608	0	0.192	0	NaN	-15	NaN	NaN
2019.07.04  17:01:13	Ok	0	1	0	1	2.862	0	2.464	0	6.011	0	0.185	0	NaN	-15	NaN	NaN
2019.07.04  17:01:32	Ok	0	1	0	1	2.889	0	2.372	0	5.785	0	0.158	0	NaN	-15	NaN	NaN
2019.07.04  17:01:51	Ok	0	1	0	1	2.909	0	2.391	0	5.831	0	0.160	0	NaN	-15	NaN	NaN
2019.07.04  17:02:25	Ok	0	1	0	1	4.783	0	3.879	0	9.461	0	0.224	0	NaN	-15	NaN	NaN
2019.07.04  17:02:44	Ok	0	1	0	1	4.727	0	3.865	0	9.427	0	0.212	0	NaN	-15	NaN	NaN
2019.07.04  17:03:04	Ok	0	1	0	1	4.747	0	3.846	0	9.382	0	0.210	0	NaN	-15	NaN	NaN
