10230382_350_0x0100_spectro::lyser_RIVER000V120	results of s::canpoint: LAB2                                
Date/Time	Status	Turbid. [FTUeq]200.00-0.00_2	[Turbid._0.0_1.0_0.0_0.0]	NO3-Neq [mg/l]10.00-0.00_2	[NO3-Neq_0.0_1.0_0.0_0.0]	TOCeq [mg/l]25.00-0.00_2	[TOCeq_0.0_1.0_0.0_0.0]	DOCeq [mg/l]12.00-0.00_2	[DOCeq_0.0_1.0_0.0_0.0]	SAC254 [Abs/m]NaN-NaN_2	[SAC254_0.0_1.0_0.0_0.0]	SAC436 [Abs/m]NaN-NaN_2	[SAC436_0.0_1.0_0.0_0.0]	254-436 [Abs/m]NaN-NaN_2	[254-436_0.0_1.0_0.0_0.0]	analogIN []NaN-NaN_2	[analogIN_0.0_1.0_0.0_0.0]
2019.10.21  17:39:11	Ok	3.069	0	0.447	0	7.103	0	4.691	0	11.443	0	0.248	0	NaN	-15	NaN	NaN
2019.10.21  17:39:55	Ok	3.551	0	0.480	0	7.408	0	4.855	0	11.841	0	0.258	0	NaN	-15	NaN	NaN
2019.10.21  17:40:39	Ok	3.385	0	0.463	0	7.447	0	4.933	0	12.033	0	0.284	0	NaN	-15	NaN	NaN
2019.10.21  17:41:16	Ok	3.909	0	0.499	0	7.471	0	4.853	0	11.836	0	0.246	0	NaN	-15	NaN	NaN
2019.10.21  17:41:50	Ok	7.972	0	0.486	0	8.102	0	4.933	0	12.032	0	0.258	0	NaN	-15	NaN	NaN
2019.10.21  17:42:37	Ok	3.876	0	0.438	0	7.169	0	4.653	0	11.348	0	0.233	0	NaN	-15	NaN	NaN
2019.10.21  17:43:07	Ok	3.198	0	0.425	0	7.120	0	4.689	0	11.437	0	0.249	0	NaN	-15	NaN	NaN
2019.10.21  17:43:43	Ok	3.145	0	0.429	0	7.089	0	4.701	0	11.466	0	0.254	0	NaN	-15	NaN	NaN
2019.10.21  17:44:24	Ok	3.525	0	0.447	0	7.116	0	4.638	0	11.313	0	0.234	0	NaN	-15	NaN	NaN
2019.10.21  17:44:59	Ok	3.354	0	0.442	0	7.093	0	4.655	0	11.355	0	0.241	0	NaN	-15	NaN	NaN
2019.10.21  17:46:41	Ok	2.925	0	0.429	0	6.956	0	4.608	0	11.240	0	0.238	0	NaN	-15	NaN	NaN
2019.10.21  17:47:14	Ok	3.259	0	0.419	0	6.968	0	4.578	0	11.166	0	0.236	0	NaN	-15	NaN	NaN
2019.10.21  17:47:47	Ok	2.942	0	0.415	0	6.933	0	4.599	0	11.217	0	0.251	0	NaN	-15	NaN	NaN
2019.10.21  17:48:22	Ok	3.018	0	0.412	0	6.965	0	4.573	0	11.154	0	0.234	0	NaN	-15	NaN	NaN
2019.10.21  17:49:06	Ok	3.398	0	0.419	0	6.998	0	4.555	0	11.109	0	0.229	0	NaN	-15	NaN	NaN
2019.10.21  17:49:43	Ok	3.911	0	0.572	0	8.004	0	5.317	0	12.969	0	0.286	0	NaN	-15	NaN	NaN
2019.10.21  17:50:17	Ok	4.301	0	0.596	0	8.096	0	5.286	0	12.893	0	0.262	0	NaN	-15	NaN	NaN
2019.10.21  17:50:54	Ok	4.103	0	0.603	0	8.123	0	5.335	0	13.013	0	0.276	0	NaN	-15	NaN	NaN
2019.10.21  17:51:28	Ok	4.200	0	0.607	0	8.122	0	5.315	0	12.964	0	0.262	0	NaN	-15	NaN	NaN
2019.10.21  17:52:00	Ok	4.411	0	0.610	0	8.147	0	5.335	0	13.012	0	0.282	0	NaN	-15	NaN	NaN
2019.10.21  17:53:06	Ok	4.050	0	0.564	0	7.922	0	5.216	0	12.723	0	0.269	0	NaN	-15	NaN	NaN
2019.10.21  17:53:47	Ok	3.844	0	0.536	0	7.905	0	5.187	0	12.652	0	0.273	0	NaN	-15	NaN	NaN
2019.10.21  17:54:21	Ok	4.108	0	0.551	0	7.913	0	5.193	0	12.665	0	0.270	0	NaN	-15	NaN	NaN
2019.10.21  17:54:56	Ok	4.315	0	0.555	0	7.950	0	5.159	0	12.583	0	0.256	0	NaN	-15	NaN	NaN
2019.10.21  17:55:45	Ok	4.240	0	0.569	0	7.935	0	5.177	0	12.627	0	0.265	0	NaN	-15	NaN	NaN
2019.10.21  17:56:24	Ok	4.315	0	0.590	0	8.150	0	5.378	0	13.118	0	0.279	0	NaN	-15	NaN	NaN
2019.10.21  17:56:59	Ok	4.133	0	0.595	0	8.144	0	5.386	0	13.137	0	0.287	0	NaN	-15	NaN	NaN
2019.10.21  17:57:33	Ok	3.874	0	0.603	0	8.130	0	5.379	0	13.119	0	0.275	0	NaN	-15	NaN	NaN
2019.10.21  17:58:06	Ok	3.892	0	0.587	0	8.153	0	5.403	0	13.179	0	0.288	0	NaN	-15	NaN	NaN
2019.10.21  17:58:43	Ok	4.502	0	0.598	0	8.186	0	5.363	0	13.081	0	0.279	0	NaN	-15	NaN	NaN
2019.10.21  17:59:19	Ok	4.309	0	0.589	0	8.135	0	5.304	0	12.937	0	0.257	0	NaN	-15	NaN	NaN
2019.10.21  17:59:55	Ok	4.235	0	0.612	0	8.149	0	5.281	0	12.880	0	0.247	0	NaN	-15	NaN	NaN
2019.10.21  18:00:31	Ok	3.726	0	0.601	0	8.103	0	5.344	0	13.034	0	0.285	0	NaN	-15	NaN	NaN
2019.10.21  18:01:03	Ok	3.949	0	0.591	0	8.115	0	5.348	0	13.045	0	0.280	0	NaN	-15	NaN	NaN
2019.10.21  18:01:37	Ok	4.803	0	0.593	0	8.185	0	5.355	0	13.061	0	0.275	0	NaN	-15	NaN	NaN
2019.10.21  18:02:30	Ok	3.837	0	0.404	0	7.964	0	5.574	0	13.595	0	0.273	0	NaN	-15	NaN	NaN
2019.10.21  18:03:10	Ok	2.972	0	0.393	0	7.813	0	5.566	0	13.577	0	0.256	0	NaN	-15	NaN	NaN
2019.10.21  18:03:45	Ok	2.367	0	0.388	0	7.741	0	5.603	0	13.667	0	0.257	0	NaN	-15	NaN	NaN
2019.10.21  18:04:19	Ok	2.551	0	0.379	0	7.767	0	5.601	0	13.661	0	0.266	0	NaN	-15	NaN	NaN
2019.10.21  18:04:49	Ok	6.368	0	0.408	0	8.206	0	5.437	0	13.260	0	0.235	0	NaN	-15	NaN	NaN
2019.10.21  18:05:35	Ok	3.929	0	0.580	0	8.100	0	5.370	0	13.099	0	0.285	0	NaN	-15	NaN	NaN
2019.10.21  18:06:19	Ok	4.276	0	0.586	0	8.121	0	5.333	0	13.008	0	0.277	0	NaN	-15	NaN	NaN
2019.10.21  18:06:51	Ok	4.497	0	0.588	0	8.137	0	5.328	0	12.995	0	0.266	0	NaN	-15	NaN	NaN
2019.10.21  18:07:34	Ok	4.238	0	0.576	0	8.127	0	5.330	0	13.001	0	0.274	0	NaN	-15	NaN	NaN
2019.10.21  18:08:14	Ok	4.502	0	0.586	0	8.162	0	5.331	0	13.002	0	0.267	0	NaN	-15	NaN	NaN
2019.10.21  18:08:47	Ok	4.180	0	0.600	0	8.120	0	5.371	0	13.099	0	0.288	0	NaN	-15	NaN	NaN
2019.10.21  18:09:38	Ok	0.526	0	0.384	0	7.483	0	5.585	0	13.622	0	0.267	0	NaN	-15	NaN	NaN
2019.10.21  18:10:17	Ok	0.518	0	0.385	0	7.446	0	5.569	0	13.584	0	0.264	0	NaN	-15	NaN	NaN
2019.10.21  18:10:52	Ok	0.566	0	0.372	0	7.471	0	5.568	0	13.581	0	0.258	0	NaN	-15	NaN	NaN
2019.10.21  18:11:30	Ok	0.556	0	0.381	0	7.445	0	5.551	0	13.539	0	0.254	0	NaN	-15	NaN	NaN
2019.10.21  18:12:02	Ok	0.403	0	0.381	0	7.435	0	5.558	0	13.555	0	0.250	0	NaN	-15	NaN	NaN
2019.10.21  18:12:32	Ok	0.674	0	0.363	0	7.451	0	5.569	0	13.583	0	0.257	0	NaN	-15	NaN	NaN
2019.10.21  18:13:18	Ok	3.814	0	0.495	0	7.459	0	4.869	0	11.876	0	0.261	0	NaN	-15	NaN	NaN
2019.10.21  18:13:56	Ok	4.118	0	0.489	0	7.489	0	4.848	0	11.823	0	0.260	0	NaN	-15	NaN	NaN
2019.10.21  18:14:28	Ok	4.255	0	0.502	0	7.509	0	4.849	0	11.826	0	0.257	0	NaN	-15	NaN	NaN
2019.10.21  18:15:50	Ok	4.415	0	0.487	0	7.517	0	4.854	0	11.838	0	0.254	0	NaN	-15	NaN	NaN
2019.10.21  18:16:26	Ok	4.863	0	0.501	0	7.556	0	4.817	0	11.750	0	0.243	0	NaN	-15	NaN	NaN
2019.10.21  18:17:10	Ok	9.280	0	0.510	0	8.592	0	5.201	0	12.685	0	0.285	0	NaN	-15	NaN	NaN
2019.10.21  18:17:53	Ok	10.433	0	0.524	0	8.816	0	5.173	0	12.618	0	0.283	0	NaN	-15	NaN	NaN
2019.10.21  18:18:25	Ok	11.109	0	0.527	0	8.888	0	5.159	0	12.583	0	0.274	0	NaN	-15	NaN	NaN
2019.10.21  18:18:56	Ok	9.295	0	0.517	0	8.610	0	5.218	0	12.727	0	0.286	0	NaN	-15	NaN	NaN
2019.10.21  18:19:30	Ok	9.342	0	0.534	0	8.673	0	5.212	0	12.712	0	0.288	0	NaN	-15	NaN	NaN
2019.10.21  18:20:17	Ok	4.569	0	0.574	0	8.026	0	5.204	0	12.693	0	0.261	0	NaN	-15	NaN	NaN
2019.10.21  18:20:48	Ok	5.039	0	0.570	0	8.063	0	5.220	0	12.731	0	0.278	0	NaN	-15	NaN	NaN
2019.10.21  18:21:19	Ok	4.483	0	0.563	0	8.000	0	5.242	0	12.786	0	0.278	0	NaN	-15	NaN	NaN
2019.10.21  18:21:53	Ok	5.300	0	0.567	0	8.090	0	5.246	0	12.795	0	0.284	0	NaN	-15	NaN	NaN
2019.10.21  18:22:24	Ok	5.403	0	0.560	0	8.136	0	5.202	0	12.687	0	0.264	0	NaN	-15	NaN	NaN
2019.10.21  18:23:06	Ok	8.855	0	0.468	0	8.412	0	5.085	0	12.403	0	0.284	0	NaN	-15	NaN	NaN
2019.10.21  18:23:39	Ok	8.059	0	0.488	0	8.264	0	5.101	0	12.441	0	0.277	0	NaN	-15	NaN	NaN
2019.10.21  18:24:12	Ok	7.954	0	0.496	0	8.265	0	5.078	0	12.385	0	0.293	0	NaN	-15	NaN	NaN
2019.10.21  18:24:52	Ok	9.683	0	0.489	0	8.510	0	5.039	0	12.290	0	0.278	0	NaN	-15	NaN	NaN
2019.10.21  18:25:22	Ok	9.802	0	0.454	0	8.475	0	5.062	0	12.347	0	0.288	0	NaN	-15	NaN	NaN
2019.10.21  18:26:08	Ok	4.178	0	0.563	0	8.091	0	5.395	0	13.159	0	0.281	0	NaN	-15	NaN	NaN
2019.10.21  18:26:40	Ok	3.585	0	0.545	0	8.071	0	5.417	0	13.212	0	0.286	0	NaN	-15	NaN	NaN
2019.10.21  18:27:11	Ok	3.661	0	0.580	0	8.051	0	5.406	0	13.186	0	0.276	0	NaN	-15	NaN	NaN
2019.10.21  18:27:49	Ok	3.204	0	0.570	0	8.020	0	5.424	0	13.228	0	0.287	0	NaN	-15	NaN	NaN
2019.10.21  18:28:20	Ok	3.362	0	0.568	0	8.014	0	5.435	0	13.257	0	0.286	0	NaN	-15	NaN	NaN
2019.10.21  18:29:09	Ok	6.634	0	0.512	0	8.323	0	5.299	0	12.924	0	0.293	0	NaN	-15	NaN	NaN
2019.10.21  18:29:41	Ok	7.671	0	0.535	0	8.455	0	5.267	0	12.845	0	0.287	0	NaN	-15	NaN	NaN
2019.10.21  18:30:21	Ok	7.789	0	0.540	0	8.440	0	5.206	0	12.698	0	0.257	0	NaN	-15	NaN	NaN
2019.10.21  18:30:53	Ok	7.721	0	0.549	0	8.436	0	5.194	0	12.669	0	0.263	0	NaN	-15	NaN	NaN
2019.10.21  18:31:26	Ok	7.338	0	0.518	0	8.401	0	5.197	0	12.675	0	0.268	0	NaN	-15	NaN	NaN
2019.10.21  18:32:04	Ok	5.140	0	0.558	0	8.000	0	5.122	0	12.492	0	0.265	0	NaN	-15	NaN	NaN
2019.10.21  18:32:37	Ok	4.512	0	0.512	0	7.949	0	5.184	0	12.644	0	0.285	0	NaN	-15	NaN	NaN
2019.10.21  18:33:08	Ok	4.830	0	0.554	0	7.967	0	5.122	0	12.492	0	0.263	0	NaN	-15	NaN	NaN
2019.10.21  18:33:44	Ok	5.202	0	0.562	0	8.003	0	5.122	0	12.491	0	0.262	0	NaN	-15	NaN	NaN
2019.10.21  18:34:12	Ok	5.140	0	0.565	0	7.961	0	5.082	0	12.396	0	0.251	0	NaN	-15	NaN	NaN
2019.10.21  18:35:00	Ok	4.148	0	0.583	0	8.106	0	5.333	0	13.007	0	0.274	0	NaN	-15	NaN	NaN
2019.10.21  18:35:33	Ok	4.288	0	0.602	0	8.133	0	5.320	0	12.975	0	0.269	0	NaN	-15	NaN	NaN
2019.10.21  18:36:02	Ok	4.566	0	0.610	0	8.188	0	5.344	0	13.035	0	0.277	0	NaN	-15	NaN	NaN
2019.10.21  18:36:37	Ok	4.656	0	0.623	0	8.190	0	5.325	0	12.988	0	0.266	0	NaN	-15	NaN	NaN
2019.10.21  18:37:08	Ok	4.392	0	0.598	0	8.188	0	5.374	0	13.108	0	0.294	0	NaN	-15	NaN	NaN
2019.10.21  18:37:49	Ok	1.568	0	0.273	0	5.817	0	3.960	0	9.659	0	0.227	0	NaN	-15	NaN	NaN
2019.10.21  18:38:29	Ok	1.199	0	0.229	0	5.598	0	3.858	0	9.409	0	0.241	0	NaN	-15	NaN	NaN
2019.10.21  18:39:00	Ok	1.480	0	0.242	0	5.592	0	3.762	0	9.177	0	0.211	0	NaN	-15	NaN	NaN
2019.10.21  18:39:35	Ok	1.287	0	0.225	0	5.575	0	3.785	0	9.231	0	0.213	0	NaN	-15	NaN	NaN
2019.10.21  18:40:14	Ok	1.210	0	0.253	0	5.555	0	3.795	0	9.256	0	0.222	0	NaN	-15	NaN	NaN
2019.10.21  18:41:00	Ok	3.972	0	0.576	0	8.024	0	5.320	0	12.975	0	0.286	0	NaN	-15	NaN	NaN
2019.10.21  18:41:34	Ok	4.002	0	0.592	0	8.050	0	5.331	0	13.001	0	0.283	0	NaN	-15	NaN	NaN
2019.10.21  18:42:04	Ok	3.783	0	0.573	0	8.033	0	5.336	0	13.013	0	0.277	0	NaN	-15	NaN	NaN
2019.10.21  18:42:36	Ok	4.208	0	0.607	0	8.097	0	5.284	0	12.887	0	0.258	0	NaN	-15	NaN	NaN
2019.10.21  18:43:10	Ok	4.497	0	0.590	0	8.099	0	5.286	0	12.893	0	0.264	0	NaN	-15	NaN	NaN
2019.10.21  18:43:41	Ok	1.421	0	0.335	0	6.357	0	4.435	0	10.818	0	0.247	0	NaN	-15	NaN	NaN
2019.10.21  18:44:13	Ok	1.153	0	0.315	0	6.176	0	4.337	0	10.577	0	0.248	0	NaN	-15	NaN	NaN
2019.10.21  18:44:46	Ok	0.857	0	0.316	0	6.129	0	4.345	0	10.599	0	0.256	0	NaN	-15	NaN	NaN
2019.10.21  18:45:18	Ok	1.205	0	0.316	0	6.136	0	4.276	0	10.429	0	0.232	0	NaN	-15	NaN	NaN
2019.10.21  18:45:54	Ok	1.429	0	0.319	0	6.185	0	4.278	0	10.434	0	0.237	0	NaN	-15	NaN	NaN
2019.10.21  18:46:33	Ok	0	1	0.229	0	5.395	0	3.926	0	9.575	0	0.239	0	NaN	-15	NaN	NaN
2019.10.21  18:47:06	Ok	0.698	0	0.223	0	5.431	0	3.905	0	9.523	0	0.233	0	NaN	-15	NaN	NaN
2019.10.21  18:47:40	Ok	0	1	0.232	0	5.343	0	3.855	0	9.403	0	0.225	0	NaN	-15	NaN	NaN
2019.10.21  18:48:16	Ok	0.606	0	0.233	0	5.391	0	3.865	0	9.426	0	0.228	0	NaN	-15	NaN	NaN
2019.10.21  18:49:03	Ok	1.224	0	0.221	0	5.471	0	3.834	0	9.350	0	0.215	0	NaN	-15	NaN	NaN
2019.10.21  18:49:35	Ok	1.138	0	0.324	0	6.190	0	4.318	0	10.532	0	0.236	0	NaN	-15	NaN	NaN
2019.10.21  18:50:09	Ok	1.204	0	0.351	0	6.254	0	4.346	0	10.600	0	0.240	0	NaN	-15	NaN	NaN
2019.10.21  18:50:42	Ok	1.812	0	0.354	0	6.300	0	4.313	0	10.520	0	0.228	0	NaN	-15	NaN	NaN
2019.10.21  18:51:13	Ok	1.597	0	0.337	0	6.301	0	4.342	0	10.591	0	0.234	0	NaN	-15	NaN	NaN
2019.10.21  18:51:45	Ok	1.396	0	0.331	0	6.282	0	4.382	0	10.687	0	0.250	0	NaN	-15	NaN	NaN
2019.10.21  18:52:18	Ok	1.628	0	0.367	0	6.576	0	4.513	0	11.008	0	0.246	0	NaN	-15	NaN	NaN
2019.10.21  18:52:49	Ok	2.194	0	0.365	0	6.646	0	4.577	0	11.165	0	0.270	0	NaN	-15	NaN	NaN
2019.10.21  18:53:19	Ok	2.017	0	0.374	0	6.631	0	4.566	0	11.136	0	0.263	0	NaN	-15	NaN	NaN
2019.10.21  18:53:49	Ok	2.113	0	0.382	0	6.641	0	4.513	0	11.008	0	0.238	0	NaN	-15	NaN	NaN
2019.10.21  18:54:20	Ok	2.356	0	0.384	0	6.683	0	4.542	0	11.078	0	0.249	0	NaN	-15	NaN	NaN
2019.10.21  18:54:55	Ok	0.302	0	0.264	0	5.393	0	3.854	0	9.399	0	0.217	0	NaN	-15	NaN	NaN
2019.10.21  18:55:29	Ok	0.149	0	0.251	0	5.335	0	3.799	0	9.267	0	0.216	0	NaN	-15	NaN	NaN
2019.10.21  18:56:06	Ok	0	1	0.246	0	5.305	0	3.835	0	9.352	0	0.228	0	NaN	-15	NaN	NaN
2019.10.21  18:56:40	Ok	0.064	0	0.260	0	5.318	0	3.814	0	9.303	0	0.219	0	NaN	-15	NaN	NaN
2019.10.21  18:57:19	Ok	0.417	0	0.233	0	5.358	0	3.836	0	9.357	0	0.232	0	NaN	-15	NaN	NaN
2019.10.21  18:57:55	Ok	1.515	0	0.346	0	6.374	0	4.429	0	10.803	0	0.249	0	NaN	-15	NaN	NaN
2019.10.21  18:58:23	Ok	2.318	0	0.357	0	6.503	0	4.403	0	10.740	0	0.235	0	NaN	-15	NaN	NaN
2019.10.21  18:58:56	Ok	1.628	0	0.359	0	6.445	0	4.437	0	10.822	0	0.230	0	NaN	-15	NaN	NaN
2019.10.21  18:59:27	Ok	1.567	0	0.343	0	6.433	0	4.477	0	10.918	0	0.255	0	NaN	-15	NaN	NaN
2019.10.21  19:00:00	Ok	1.623	0	0.355	0	6.449	0	4.464	0	10.888	0	0.248	0	NaN	-15	NaN	NaN
2019.10.21  19:00:37	Ok	0.440	0	0.260	0	5.573	0	3.978	0	9.703	0	0.222	0	NaN	-15	NaN	NaN
2019.10.21  19:01:12	Ok	0.199	0	0.244	0	5.522	0	3.969	0	9.681	0	0.233	0	NaN	-15	NaN	NaN
2019.10.21  19:01:44	Ok	0.670	0	0.255	0	5.556	0	3.938	0	9.606	0	0.225	0	NaN	-15	NaN	NaN
2019.10.21  19:02:12	Ok	0.393	0	0.253	0	5.518	0	3.947	0	9.627	0	0.232	0	NaN	-15	NaN	NaN
2019.10.21  19:02:48	Ok	0.482	0	0.247	0	5.527	0	3.951	0	9.636	0	0.232	0	NaN	-15	NaN	NaN
2019.10.21  19:03:25	Ok	0.853	0	0.293	0	5.935	0	4.164	0	10.155	0	0.235	0	NaN	-15	NaN	NaN
2019.10.21  19:03:58	Ok	0.867	0	0.303	0	5.957	0	4.182	0	10.200	0	0.236	0	NaN	-15	NaN	NaN
2019.10.21  19:04:36	Ok	1.368	0	0.304	0	6.008	0	4.172	0	10.175	0	0.226	0	NaN	-15	NaN	NaN
2019.10.21  19:05:07	Ok	1.167	0	0.298	0	5.981	0	4.177	0	10.188	0	0.235	0	NaN	-15	NaN	NaN
2019.10.21  19:05:37	Ok	1.092	0	0.298	0	5.978	0	4.205	0	10.255	0	0.240	0	NaN	-15	NaN	NaN
2019.10.21  19:06:50	Ok	2.030	0	0.372	0	6.511	0	4.458	0	10.874	0	0.242	0	NaN	-15	NaN	NaN
2019.10.21  19:07:27	Ok	2.332	0	0.380	0	6.595	0	4.503	0	10.983	0	0.255	0	NaN	-15	NaN	NaN
2019.10.21  19:08:00	Ok	2.025	0	0.378	0	6.582	0	4.485	0	10.939	0	0.235	0	NaN	-15	NaN	NaN
2019.10.21  19:08:30	Ok	1.955	0	0.381	0	6.570	0	4.493	0	10.959	0	0.246	0	NaN	-15	NaN	NaN
2019.10.21  19:09:08	Ok	1.754	0	0.378	0	6.552	0	4.497	0	10.967	0	0.242	0	NaN	-15	NaN	NaN
2019.10.21  19:09:43	Ok	0.862	0	0.300	0	5.888	0	4.160	0	10.147	0	0.240	0	NaN	-15	NaN	NaN
2019.10.21  19:10:13	Ok	0.532	0	0.271	0	5.828	0	4.148	0	10.117	0	0.245	0	NaN	-15	NaN	NaN
2019.10.21  19:10:43	Ok	1.055	0	0.280	0	5.862	0	4.145	0	10.110	0	0.248	0	NaN	-15	NaN	NaN
2019.10.21  19:11:14	Ok	0.916	0	0.265	0	5.855	0	4.124	0	10.058	0	0.235	0	NaN	-15	NaN	NaN
2019.10.21  19:11:46	Ok	1.113	0	0.284	0	5.883	0	4.123	0	10.055	0	0.236	0	NaN	-15	NaN	NaN
2019.10.21  19:12:21	Ok	1.511	0	0.284	0	5.919	0	4.124	0	10.058	0	0.230	0	NaN	-15	NaN	NaN
