10230382_350_0x0100_spectro::lyser_RIVER000V120	results of s::canpoint: LAB2                                
Date/Time	Status	Turbid. [FTUeq]200.00-0.00_2	[Turbid._0.0_1.0_0.0_0.0]	NO3-Neq [mg/l]10.00-0.00_2	[NO3-Neq_0.0_1.0_0.0_0.0]	TOCeq [mg/l]25.00-0.00_2	[TOCeq_0.0_1.0_0.0_0.0]	DOCeq [mg/l]12.00-0.00_2	[DOCeq_0.0_1.0_0.0_0.0]	SAC254 [Abs/m]NaN-NaN_2	[SAC254_0.0_1.0_0.0_0.0]	SAC436 [Abs/m]NaN-NaN_2	[SAC436_0.0_1.0_0.0_0.0]	254-436 [Abs/m]NaN-NaN_2	[254-436_0.0_1.0_0.0_0.0]	analogIN []NaN-NaN_2	[analogIN_0.0_1.0_0.0_0.0]
2020.01.08  15:39:59	Ok	0	1	0	1	1.136	0	1.106	0	2.697	0	0.109	0	NaN	-15	NaN	NaN
2020.01.08  15:42:55	Ok	0	1	0.127	0	7.225	0	6.105	0	14.889	0	0.281	0	NaN	-15	NaN	NaN
2020.01.08  15:43:38	Ok	0	1	0.178	0	7.141	0	5.996	0	14.623	0	0.260	0	NaN	-15	NaN	NaN
2020.01.08  15:44:30	Ok	0	1	0.257	0	9.904	0	8.129	0	19.826	0	0.352	0	NaN	-15	NaN	NaN
2020.01.08  15:45:21	Ok	0	1	0.193	0	7.954	0	6.687	0	16.311	0	0.276	0	NaN	-15	NaN	NaN
2020.01.08  15:46:36	Ok	0	1	0.134	0	7.752	0	6.255	0	15.255	0	0.263	0	NaN	-15	NaN	NaN
2020.01.08  15:47:20	Ok	0.028	0	0.145	0	7.708	0	6.244	0	15.229	0	0.270	0	NaN	-15	NaN	NaN
2020.01.08  15:48:00	Ok	0	1	0	1	1.140	0	1.074	0	2.619	0	0.109	0	NaN	-15	NaN	NaN
2020.01.08  15:49:23	Ok	0	1	1.274	0	5.433	0	5.340	0	13.024	0	0.109	0	NaN	-15	NaN	NaN
2020.01.08  15:51:26	Ok	0	1	0	1	1.129	0	1.104	0	2.692	0	0.105	0	NaN	-15	NaN	NaN
2020.01.08  15:52:33	Ok	0	1	1.267	0	5.576	0	5.466	0	13.331	0	0.099	0	NaN	-15	NaN	NaN
2020.01.08  15:53:28	Ok	0	1	0	1	1.124	0	1.104	0	2.694	0	0.102	0	NaN	-15	NaN	NaN
